  1 247.28273 43.67173 25.88 0.40 21.03 0.25 0.92 1.29  7.15 0.84 0.57 0.32 0.59 0.04 0.022 0.015 0.011 
  2 245.71466 43.72621 25.38 0.40 20.56 0.24 0.66 0.88  5.92 0.79 0.45 0.31 0.49 0.03 0.042 0.029 0.021 
  3 241.37654 44.33570 24.85 0.40 21.01 0.24 0.60 0.81  4.05 0.79 0.61 0.31 0.47 0.03 0.037 0.026 0.019 
  4 240.91650 43.98957 24.67 0.40 21.04 0.24 0.46 0.71  3.37 0.79 0.85 0.32 0.11 0.04 0.035 0.025 0.018 
  5 240.88005 44.10985 21.87 0.40 19.31 0.24 0.25 0.33  4.88 0.79 1.75 0.31 0.30 0.03 0.033 0.023 0.016 
  6 244.48318 44.29050 22.71 0.40 19.31 0.24 0.25 0.43  4.12 0.79 1.11 0.31 0.27 0.03 0.037 0.026 0.019 
  7 241.51961 44.69582 25.52 0.42 21.80 0.28 0.48 0.56  4.10 0.87 0.73 0.34 0.45 0.06 0.041 0.029 0.021 
  8 242.29613 44.35883 23.81 0.40 20.03 0.24 0.27 0.43  4.83 0.79 0.95 0.31 0.42 0.03 0.037 0.026 0.019 
  9 239.49328 43.96829 21.52 0.40 19.22 0.24 0.35 0.51  4.72 0.79 1.94 0.31 0.18 0.03 0.031 0.022 0.016 
 10 240.07258 43.76807 25.41 0.40 21.23 0.24 0.95 1.27  6.57 0.83 0.70 0.32 0.69 0.03 0.043 0.031 0.022 
 11 238.21761 44.40982 23.74 0.40 20.66 0.24 0.36 0.57  3.58 0.79 1.05 0.32 0.36 0.03 0.066 0.047 0.033 
 12 237.14433 43.72284 24.57 0.40 20.82 0.24 0.11 0.15  2.80 0.79 0.44 0.31 0.17 0.03 0.048 0.034 0.024 
 13 248.68965 43.07830 21.38 0.40 19.27 0.24 0.41 0.66  3.74 0.79 1.85 0.31 0.08 0.03 0.022 0.016 0.011 
 14 245.93591 43.53728 24.06 0.40 20.56 0.24 0.05 0.05  3.35 0.79 0.58 0.31 0.46 0.03 0.040 0.028 0.020 
 15 245.47276 43.55963 24.56 0.44 22.04 0.30 0.57 0.75  3.40 0.89 1.44 0.37 0.19 0.08 0.035 0.025 0.018 
 16 246.51249 43.28630 23.54 0.40 20.15 0.24 0.54 0.78  4.42 0.79 0.78 0.31 0.63 0.03 0.028 0.020 0.014 
 17 246.24037 43.05884 22.36 0.40 18.20 0.24 0.58 0.88  6.10 0.79 1.21 0.31 0.22 0.03 0.028 0.020 0.014 
 18 243.88821 42.92376 24.13 0.40 19.09 0.24 0.45 0.66 10.44 0.79 0.82 0.31 0.68 0.03 0.040 0.028 0.020 
 19 244.77355 41.97124 23.93 0.40 20.25 0.24 0.29 0.42  4.14 0.80 0.76 0.32 0.46 0.04 0.024 0.017 0.012 
 20 244.65933 42.12031 22.20 0.40 19.30 0.24 0.28 0.41  4.52 0.79 1.39 0.31 0.40 0.03 0.033 0.023 0.017 
 21 243.85392 42.54287 26.25 0.40 21.26 0.24 0.77 1.17  5.70 0.80 0.19 0.31 0.50 0.03 0.044 0.031 0.022 
 22 244.63804 43.12177 25.18 0.40 21.68 0.25 0.60 0.75  3.69 0.80 0.67 0.32 0.49 0.04 0.044 0.031 0.022 
 23 244.08937 42.38338 23.74 0.40 20.51 0.24 0.52 0.73  2.82 0.79 0.80 0.31 0.18 0.03 0.046 0.032 0.023 
 24 244.33261 42.11625 23.51 0.40 19.92 0.24 0.17 0.31  5.16 0.80 0.95 0.32 0.57 0.03 0.028 0.020 0.014 
 25 244.83857 42.25044 23.65 0.40 19.44 0.24 0.33 0.46  5.09 0.79 1.08 0.31 0.04 0.03 0.038 0.027 0.019 
 26 242.26142 42.85745 22.87 0.40 20.28 0.24 0.32 0.49  3.21 0.79 1.22 0.31 0.33 0.03 0.035 0.025 0.018 
 27 242.36683 41.99975 23.26 0.40 19.60 0.24 0.33 0.46  3.37 0.79 0.75 0.31 0.21 0.03 0.040 0.029 0.020 
 28 242.46596 42.44639 24.31 0.41 21.20 0.25 0.54 0.70  5.23 0.84 1.26 0.32 0.56 0.03 0.044 0.031 0.022 
 29 243.19019 42.79479 23.70 0.40 19.69 0.24 0.21 0.28  4.92 0.79 0.86 0.31 0.40 0.03 0.039 0.028 0.020 
 30 242.58281 43.01821 22.96 0.42 20.64 0.27 0.66 0.96  4.14 0.82 1.53 0.34 0.47 0.04 0.030 0.022 0.015 
 31 243.29548 42.37313 23.54 0.40 19.84 0.24 0.42 0.62  3.51 0.79 0.82 0.31 0.17 0.03 0.042 0.029 0.021 
 32 240.30672 42.92068 24.73 0.41 21.68 0.25 0.82 1.13  4.60 0.82 1.12 0.32 0.57 0.04 0.038 0.027 0.019 
 33 241.41878 42.21835 24.44 0.40 20.54 0.24 0.76 1.15  4.84 0.80 0.90 0.32 0.41 0.03 0.033 0.023 0.017 
 34 239.00729 42.10483 23.20 0.40 20.73 0.25 0.48 0.69  3.74 0.80 1.40 0.32 0.40 0.03 0.061 0.044 0.031 
 35 239.46678 42.31607 24.36 0.40 20.74 0.24 0.31 0.45  2.88 0.79 0.56 0.31 0.20 0.03 0.042 0.030 0.021 
 36 239.28240 42.15655 23.58 0.40 20.09 0.24 0.36 0.53  4.31 0.80 1.06 0.32 0.34 0.04 0.053 0.037 0.027 
 37 239.19809 42.34912 25.09 0.40 20.62 0.24 0.71 1.04  6.18 0.81 0.90 0.32 0.38 0.03 0.052 0.037 0.026 
 38 240.07699 43.09371 24.15 0.40 19.81 0.24 0.68 0.96  6.27 0.79 0.65 0.31 0.63 0.03 0.042 0.030 0.021 
 39 237.04376 43.15677 24.95 0.40 20.26 0.24 0.15 0.22  5.08 0.79 0.50 0.31 0.35 0.03 0.063 0.045 0.032 
 40 236.74121 42.59723 23.73 0.40 18.65 0.24 0.23 0.35  7.12 0.79 0.73 0.31 0.37 0.03 0.073 0.052 0.037 
 41 236.75292 43.11593 25.12 0.40 21.54 0.24 0.50 0.71  2.86 0.79 0.60 0.32 0.18 0.04 0.073 0.052 0.037 
 42 237.73868 42.67511 24.78 0.40 20.62 0.24 0.54 0.89  4.45 0.79 0.61 0.31 0.41 0.03 0.052 0.037 0.026 
 43 237.08858 43.40896 24.78 0.40 21.62 0.24 0.25 0.35  2.88 0.79 0.74 0.32 0.33 0.04 0.045 0.032 0.023 
 44 237.84733 43.30572 24.00 0.40 19.27 0.24 0.49 0.74  6.39 0.79 0.77 0.31 0.39 0.03 0.064 0.046 0.033 
 45 236.28386 43.10769 23.83 0.40 20.06 0.24 0.27 0.42  3.30 0.79 0.71 0.31 0.14 0.03 0.057 0.041 0.029 
 46 236.15271 42.64389 17.67 0.42 20.33 0.27 0.75 1.14  4.41 0.86 4.27 0.40 0.30 0.03 0.076 0.054 0.039 
 47 335.41470  2.83093 24.72 0.40 20.41 0.24 0.40 0.38  4.14 0.79 0.26 0.31 0.47 0.03 0.214 0.152 0.108 
 48 336.04273  3.06572 22.78 0.40 19.75 0.24 0.57 0.69  4.84 0.80 1.17 0.32 0.59 0.03 0.238 0.169 0.120 
 49 333.89999  2.75946 22.59 0.40 19.43 0.24 0.48 0.64  3.90 0.79 1.16 0.32 0.30 0.03 0.173 0.123 0.088 
 50 336.10599  2.71174 23.32 0.40 19.62 0.24 0.38 0.67  3.64 0.79 0.74 0.31 0.30 0.03 0.209 0.148 0.106 
 51 332.94718  2.77124 23.67 0.40 20.04 0.24 0.45 0.64  3.45 0.79 0.79 0.31 0.22 0.03 0.137 0.097 0.069 
 52 343.23178  1.58742 23.48 0.40 18.20 0.24 0.47 0.65  7.52 0.79 0.89 0.31 0.14 0.03 0.208 0.147 0.105 
 53 342.90722  2.61082 23.64 0.40 20.13 0.24 0.43 0.72  3.44 0.79 0.76 0.31 0.33 0.03 0.250 0.177 0.127 
 54 343.35033  2.39090 23.03 0.40 18.11 0.24 0.52 0.80  9.81 0.80 1.12 0.31 0.48 0.03 0.493 0.349 0.249 
 55 342.25145  2.00942 22.78 0.40 20.02 0.24 0.21 0.32  4.09 0.80 1.56 0.32 0.15 0.03 0.178 0.126 0.090 
 56 341.41875  1.98712 24.33 0.40 21.19 0.25 0.83 1.15  3.54 0.80 1.06 0.32 0.30 0.04 0.239 0.170 0.121 
 57 339.92209  2.02764 19.26 0.40 19.12 0.24 0.59 0.93  4.29 0.79 2.92 0.31 0.22 0.03 0.249 0.176 0.126 
 58 340.69364  2.38791 23.63 0.40 19.73 0.24 0.42 0.77  3.54 0.79 0.80 0.32 0.05 0.03 0.242 0.172 0.122 
 59 340.71752  2.68363 22.81 0.40 19.20 0.24 0.45 0.73  4.17 0.79 1.00 0.32 0.28 0.03 0.238 0.169 0.120 
 60 339.69764  2.32859 23.27 0.40 18.08 0.24 0.38 0.68  7.34 0.79 0.85 0.31 0.21 0.03 0.236 0.167 0.119 
 61 340.88182  1.83973 24.94 0.40 21.36 0.24 0.50 0.48  3.60 0.80 0.86 0.32 0.24 0.04 0.228 0.162 0.115 
 62 340.92889  1.92642 23.95 0.40 19.24 0.24 0.23 0.33  6.14 0.79 0.90 0.31 0.22 0.03 0.230 0.163 0.116 
 63 339.69355  1.98803 23.61 0.40 19.76 0.24 0.40 0.62  3.89 0.79 0.83 0.31 0.21 0.03 0.246 0.174 0.124 
 64 338.43349  1.62712 19.59 0.40 18.71 0.24 0.68 1.03  3.96 0.79 2.58 0.31 0.02 0.03 0.207 0.147 0.105 
 65 338.89948  1.82554 21.54 0.40 18.36 0.24 0.50 0.82  6.62 0.79 1.83 0.31 0.24 0.03 0.223 0.158 0.113 
 66 339.01783  1.90519 22.22 0.40 19.55 0.24 0.68 1.05  3.82 0.79 1.21 0.31 0.50 0.03 0.229 0.162 0.116 
 67 335.74514  1.90001 23.50 0.40 20.10 0.24 0.63 0.98  4.20 0.79 1.20 0.31 0.20 0.03 0.186 0.132 0.094 
 68 335.89923  1.92389 24.36 0.40 20.32 0.24 0.32 0.54  3.16 0.79 0.54 0.31 0.03 0.03 0.181 0.128 0.091 
 69 338.23930  2.28066 24.38 0.41 21.08 0.25 0.43 0.75  3.81 0.81 1.13 0.32 0.21 0.04 0.204 0.144 0.103 
 70 337.99241  1.74163 25.04 0.40 21.20 0.24 0.37 0.55  3.04 0.79 0.43 0.31 0.24 0.03 0.222 0.157 0.112 
 71 335.49464  1.72602 23.07 0.40 18.90 0.24 0.39 0.59  6.05 0.79 1.08 0.31 0.35 0.03 0.226 0.160 0.114 
 72 336.74112  2.13135 22.38 0.40 19.69 0.24 0.43 0.70  3.94 0.79 1.41 0.31 0.34 0.03 0.242 0.171 0.122 
 73 334.85610  2.40637 23.78 0.40 19.95 0.24 0.38 0.62  3.34 0.79 0.59 0.31 0.24 0.03 0.239 0.170 0.121 
 74 335.22964  2.51816 23.76 0.40 19.85 0.24 0.36 0.56  4.16 0.79 0.72 0.31 0.37 0.03 0.188 0.133 0.095 
 75 334.18847  2.31803 22.86 0.40 19.86 0.24 0.47 0.65  3.34 0.79 0.93 0.31 0.43 0.03 0.161 0.114 0.081 
 76 333.98090  1.66827 23.42 0.40 19.95 0.24 0.48 0.68  2.92 0.79 0.69 0.31 0.19 0.03 0.119 0.084 0.060 
 77 334.43459  1.67551 24.81 0.40 20.53 0.24 0.51 0.68  4.27 0.79 0.71 0.31 0.18 0.03 0.126 0.090 0.064 
 78 332.42705  1.73100 23.84 0.40 19.51 0.24 0.29 0.47  3.94 0.79 0.53 0.31 0.21 0.03 0.123 0.087 0.062 
 79 332.70631  2.17187 22.24 0.40 19.60 0.24 0.68 1.01  2.96 0.79 1.22 0.32 0.18 0.03 0.113 0.080 0.057 
 80 332.16134  1.89224 21.31 0.40 19.28 0.24 0.48 0.72  4.56 0.79 1.99 0.31 0.26 0.03 0.128 0.091 0.065 
 81 332.28009  1.63934 22.05 0.40 18.26 0.24 0.32 0.52  7.15 0.79 1.54 0.31 0.31 0.03 0.139 0.099 0.070 
 82 331.08672  2.35667 23.77 0.40 20.82 0.25 0.52 0.81  3.96 0.80 1.13 0.32 0.46 0.03 0.111 0.079 0.056 
 83 331.24998  2.53322 23.03 0.40 19.33 0.24 0.52 0.87  6.77 0.80 1.47 0.31 0.36 0.03 0.110 0.078 0.055 
 84 342.98777  0.65122 22.47 0.40 18.83 0.24 0.64 0.98  4.18 0.79 1.11 0.31 0.13 0.03 0.249 0.176 0.126 
 85 330.87536  2.49738 25.32 0.41 21.03 0.25 0.62 1.00  4.80 0.86 0.47 0.32 0.52 0.05 0.123 0.087 0.062 
 86 330.93908  1.51807 23.32 0.40 19.50 0.24 0.33 0.53  4.36 0.79 1.09 0.31 0.09 0.03 0.136 0.096 0.069 
 87 343.35752  1.41373 23.32 0.40 18.71 0.24 0.41 0.59  6.08 0.79 0.84 0.31 0.33 0.03 0.178 0.126 0.090 
 88 343.40318  1.29533 22.97 0.40 19.87 0.24 0.61 0.92  3.02 0.79 0.82 0.31 0.35 0.03 0.192 0.136 0.097 
 89 343.39287  1.31149 25.19 0.40 21.35 0.24 0.43 0.74  3.19 0.79 0.36 0.32 0.36 0.04 0.190 0.134 0.096 
 90 343.34147  1.10098 23.82 0.40 19.78 0.24 0.18 0.34  3.74 0.79 0.65 0.31 0.21 0.03 0.203 0.144 0.103 
 91 343.02442  0.99571 25.65 0.40 20.79 0.24 0.48 0.78  4.45 0.80 0.49 0.32 0.03 0.05 0.248 0.176 0.125 
 92 342.97649  1.14149 24.99 0.40 21.33 0.25 0.57 0.84  3.24 0.80 0.63 0.32 0.27 0.04 0.258 0.183 0.130 
 93 343.37474  0.90535 23.37 0.40 19.11 0.24 0.64 0.95  4.53 0.79 0.81 0.31 0.17 0.03 0.242 0.171 0.122 
 94 343.13252  0.84549 24.49 0.40 20.61 0.24 0.55 0.87  4.16 0.80 0.98 0.32 0.11 0.04 0.227 0.161 0.115 
 95 343.21609  1.21890 23.66 0.40 18.76 0.24 0.63 0.91  6.27 0.79 0.64 0.31 0.39 0.03 0.196 0.139 0.099 
 96 343.16010  1.23751 24.44 0.41 20.39 0.26 0.70 0.93  7.19 0.91 1.46 0.34 0.23 0.05 0.205 0.145 0.104 
 97 343.57143  0.66408 22.13 0.40 19.17 0.24 0.48 0.75  5.11 0.79 1.43 0.32 0.47 0.03 0.270 0.192 0.137 
 98 343.56508  0.51251 22.82 0.40 19.54 0.24 0.58 0.90  3.04 0.79 0.93 0.31 0.10 0.03 0.238 0.169 0.120 
 99 344.11403  1.37319 24.18 0.40 20.93 0.25 0.28 0.45  2.77 0.80 0.56 0.32 0.38 0.04 0.248 0.176 0.125 
100 341.77832  1.56095 22.99 0.40 19.98 0.24 0.69 1.08  3.36 0.79 1.05 0.31 0.31 0.03 0.233 0.165 0.118 
101 342.02542  0.65000 21.50 0.40 19.56 0.24 0.49 0.81  4.51 0.79 1.77 0.31 0.52 0.03 0.271 0.192 0.137 
102 342.86139  0.98120 23.15 0.40 19.69 0.24 0.54 0.85  4.12 0.79 1.04 0.31 0.32 0.03 0.302 0.214 0.153 
103 340.31799  0.62864 20.40 0.40 18.09 0.24 0.48 0.78  6.87 0.79 2.32 0.31 0.25 0.03 0.196 0.139 0.099 
104 341.42325  0.51935 23.35 0.40 20.00 0.24 0.48 0.76  2.95 0.79 0.81 0.31 0.16 0.03 0.215 0.152 0.109 
105 342.65076  1.19908 22.77 0.40 19.44 0.24 0.31 0.46  5.37 0.79 1.40 0.32 0.36 0.03 0.248 0.176 0.125 
106 341.00455  0.67198 24.11 0.40 19.87 0.24 0.41 0.63  8.25 0.81 1.16 0.31 0.57 0.03 0.214 0.151 0.108 
107 340.70183  1.06269 22.84 0.40 19.98 0.24 0.33 0.54  3.89 0.79 1.09 0.31 0.52 0.03 0.206 0.146 0.104 
108 341.55063  0.74758 24.33 0.40 20.85 0.24 0.68 0.95  4.24 0.80 1.03 0.32 0.35 0.03 0.223 0.158 0.113 
109 341.15246  0.61873 24.45 0.41 21.62 0.26 0.75 1.19  4.83 0.86 1.39 0.33 0.51 0.04 0.213 0.151 0.108 
110 339.22654  0.93420 20.49 0.40 19.06 0.24 0.67 1.03  5.93 0.80 2.51 0.33 0.36 0.03 0.202 0.143 0.102 
111 339.03944  1.19902 25.50 0.40 21.31 0.25 0.75 1.06  6.23 0.82 0.78 0.32 0.61 0.03 0.220 0.156 0.111 
112 339.31861  1.13042 23.49 0.40 19.66 0.24 0.41 0.64  4.04 0.79 0.72 0.31 0.38 0.03 0.213 0.151 0.108 
113 339.76821  0.70522 24.31 0.40 19.83 0.24 0.48 0.79  3.50 0.79 0.31 0.31 0.09 0.03 0.196 0.139 0.099 
114 339.46317  0.52035 19.88 0.40 19.26 0.24 0.64 0.96  3.27 0.79 2.41 0.32 0.18 0.03 0.185 0.131 0.094 
115 338.59728  1.32330 23.80 0.40 20.07 0.24 0.34 0.50  4.63 0.80 1.01 0.32 0.34 0.03 0.240 0.170 0.121 
116 338.85766  1.41234 23.01 0.40 19.71 0.24 0.75 1.15  3.59 0.79 0.95 0.31 0.33 0.03 0.234 0.166 0.118 
117 338.75247  0.91817 23.68 0.40 20.54 0.24 0.25 0.41  3.30 0.79 0.95 0.32 0.31 0.03 0.243 0.172 0.123 
118 338.38566  1.46303 23.80 0.40 20.60 0.24 0.27 0.46  3.37 0.79 0.91 0.32 0.34 0.04 0.230 0.163 0.116 
119 338.43935  1.40140 21.93 0.40 20.23 0.24 0.62 0.97  4.57 0.80 1.89 0.32 0.54 0.03 0.235 0.166 0.119 
120 337.75556  1.07368 24.56 0.41 21.83 0.25 0.77 1.23  2.95 0.80 1.05 0.32 0.31 0.05 0.226 0.160 0.114 
121 337.83318  1.11440 23.56 0.40 18.24 0.24 0.54 0.85  6.33 0.79 0.70 0.31 0.04 0.03 0.235 0.167 0.119 
122 337.78650  1.16509 25.26 0.40 19.86 0.25 0.63 1.00 10.77 0.90 1.22 0.32 0.20 0.04 0.234 0.166 0.118 
123 338.70188  1.28563 23.49 0.40 19.92 0.24 0.73 1.18  3.94 0.79 0.98 0.31 0.26 0.03 0.242 0.172 0.123 
124 338.78580  1.17759 22.88 0.40 19.13 0.24 0.66 1.01  5.63 0.79 1.22 0.31 0.36 0.03 0.240 0.170 0.122 
125 338.23251  0.83865 24.95 0.40 21.49 0.24 0.26 0.36  2.81 0.79 0.58 0.31 0.25 0.04 0.241 0.171 0.122 
126 337.29850  1.56835 24.53 0.40 20.69 0.24 0.31 0.55  3.17 0.79 0.55 0.31 0.20 0.03 0.221 0.157 0.112 
127 337.90081  0.63155 23.67 0.40 19.47 0.24 0.40 0.60  5.49 0.79 0.94 0.31 0.36 0.03 0.209 0.148 0.106 
128 338.36627  0.60375 23.74 0.40 20.59 0.24 0.39 0.65  2.91 0.79 0.87 0.31 0.21 0.03 0.234 0.166 0.118 
129 337.33437  0.87138 24.23 0.40 20.68 0.24 0.39 0.62  4.23 0.79 0.92 0.32 0.42 0.03 0.181 0.128 0.092 
130 336.82903  0.61253 24.58 0.41 21.35 0.25 0.35 0.53  5.87 0.86 1.14 0.32 0.68 0.03 0.166 0.118 0.084 
131 335.76809  1.56474 22.92 0.40 17.93 0.24 0.40 0.61  8.86 0.79 1.11 0.31 0.33 0.03 0.227 0.161 0.115 
132 335.42088  0.57503 21.40 0.40 19.59 0.24 0.55 0.97  4.84 0.80 2.07 0.32 0.38 0.03 0.191 0.135 0.096 
133 332.67052  0.93378 23.24 0.40 18.86 0.24 0.45 0.69  4.57 0.79 0.76 0.31 0.16 0.03 0.133 0.094 0.067 
134 332.62089  1.52747 22.66 0.40 20.11 0.24 0.34 0.58  2.81 0.79 1.25 0.31 0.10 0.03 0.107 0.076 0.054 
135 334.95738  0.94032 22.28 0.40 19.35 0.24 0.36 0.54  4.00 0.79 1.44 0.31 0.14 0.03 0.183 0.130 0.093 
136 334.58233  1.24724 24.68 0.40 20.74 0.24 0.52 0.76  4.90 0.79 0.59 0.31 0.61 0.03 0.205 0.146 0.104 
137 333.61765  1.17154 23.89 0.40 20.65 0.24 0.53 0.73  3.08 0.79 0.89 0.32 0.21 0.03 0.124 0.088 0.063 
138 344.16596  0.17659 23.56 0.40 20.24 0.25 0.45 0.81  3.47 0.80 0.95 0.33 0.27 0.04 0.159 0.113 0.080 
139 343.50089  0.28966 23.59 0.40 19.71 0.24 0.41 0.68  3.17 0.79 0.64 0.31 0.06 0.03 0.250 0.177 0.127 
140 344.20923  0.35980 23.59 0.41 20.76 0.26 0.50 0.84  3.59 0.82 0.98 0.33 0.54 0.04 0.152 0.108 0.077 
141 342.84404  0.03221 20.98 0.40 19.03 0.24 0.68 1.04  4.05 0.79 1.99 0.31 0.13 0.03 0.261 0.185 0.132 
142 342.88489 -0.97057 23.42 0.40 18.70 0.24 0.45 0.69  4.86 0.79 0.66 0.31 0.11 0.03 0.246 0.174 0.124 
143 342.97481 -0.36749 23.95 0.40 20.25 0.24 0.31 0.44  3.70 0.79 0.50 0.31 0.51 0.03 0.219 0.155 0.111 
144 342.66092 -1.01407 23.61 0.40 20.08 0.24 0.54 0.82  3.20 0.79 0.83 0.31 0.12 0.03 0.255 0.180 0.129 
145 343.14929 -0.93422 23.88 0.40 19.96 0.24 0.57 0.83  2.96 0.79 0.46 0.31 0.11 0.03 0.240 0.170 0.121 
146 343.15902 -1.04540 23.17 0.40 19.13 0.24 0.52 0.85  3.71 0.79 0.69 0.31 0.15 0.03 0.258 0.183 0.130 
147 343.25282 -0.66827 23.36 0.40 19.36 0.24 0.39 0.58  4.31 0.79 0.77 0.31 0.32 0.03 0.237 0.168 0.120 
148 341.06342 -0.16356 24.57 0.40 21.05 0.24 0.82 1.06  2.70 0.79 0.64 0.31 0.07 0.04 0.179 0.127 0.090 
149 341.13795 -1.08305 23.96 0.41 21.30 0.26 0.33 0.45  2.97 0.81 1.11 0.33 0.30 0.05 0.146 0.104 0.074 
150 341.33173 -0.07025 23.84 0.40 20.31 0.24 0.19 0.31  3.54 0.79 0.89 0.31 0.23 0.03 0.187 0.132 0.095 
151 341.45356 -0.84797 23.87 0.40 20.04 0.24 0.48 0.68  2.98 0.79 0.55 0.31 0.10 0.03 0.181 0.128 0.092 
152 341.48595  0.01012 21.89 0.40 19.21 0.24 0.34 0.53  4.80 0.79 1.64 0.31 0.34 0.03 0.200 0.141 0.101 
153 341.90176  0.32026 23.72 0.40 20.58 0.24 0.40 0.62  2.96 0.79 0.80 0.32 0.32 0.03 0.270 0.191 0.136 
154 340.07532 -0.50839 24.75 0.40 21.14 0.24 0.60 0.89  3.55 0.79 0.58 0.31 0.46 0.03 0.146 0.103 0.074 
155 340.05496 -0.95030 23.99 0.40 19.80 0.24 0.27 0.42  4.47 0.79 0.43 0.31 0.52 0.03 0.146 0.104 0.074 
156 339.84254 -0.85813 23.61 0.40 20.15 0.24 0.70 1.04  4.02 0.79 0.97 0.31 0.36 0.03 0.136 0.097 0.069 
157 339.79296 -0.43861 23.03 0.40 17.77 0.24 0.40 0.58  7.76 0.79 0.86 0.31 0.24 0.03 0.143 0.101 0.072 
158 340.25476 -0.83047 18.31 0.40 19.51 0.24 0.61 0.93  4.46 0.80 3.42 0.32 0.47 0.03 0.155 0.110 0.079 
159 340.16955 -0.68436 21.91 0.40 19.18 0.24 0.73 1.13  4.51 0.79 1.49 0.31 0.40 0.03 0.150 0.106 0.076 
160 340.39931  0.23486 23.56 0.40 19.98 0.24 0.45 0.69  3.23 0.79 0.78 0.31 0.16 0.03 0.187 0.132 0.095 
161 340.46021 -1.14204 23.69 0.40 20.62 0.25 0.38 0.80  4.50 0.81 1.10 0.32 0.56 0.03 0.160 0.114 0.081 
162 340.80544 -0.91099 23.50 0.40 19.57 0.24 0.37 0.58  3.62 0.79 0.72 0.31 0.15 0.03 0.167 0.118 0.084 
163 338.55005  0.32862 23.35 0.40 20.10 0.24 0.36 0.51  3.62 0.79 1.05 0.31 0.27 0.03 0.203 0.144 0.103 
164 339.00261 -1.09610 25.45 0.41 21.02 0.25 0.79 1.23  6.28 0.85 0.69 0.32 0.58 0.04 0.142 0.101 0.072 
165 337.35020 -1.03969 23.82 0.40 20.39 0.24 0.34 0.52  3.42 0.79 0.93 0.32 0.18 0.03 0.162 0.114 0.082 
166 339.33029  0.26444 20.14 0.40 19.10 0.24 0.64 0.98  3.77 0.79 2.40 0.31 0.09 0.03 0.174 0.123 0.088 
167 337.87193 -1.11473 24.62 0.40 20.59 0.24 0.36 0.45  3.15 0.79 0.47 0.31 0.12 0.04 0.186 0.132 0.094 
168 337.56546 -0.40044 25.80 0.40 21.25 0.24 0.55 0.75  5.78 0.81 0.55 0.32 0.54 0.03 0.187 0.132 0.094 
169 337.60309 -0.20780 20.71 0.40 20.43 0.24 0.36 0.58  3.95 0.80 2.49 0.32 0.52 0.03 0.192 0.136 0.097 
170 338.00895 -0.97433 24.03 0.41 21.71 0.26 0.36 0.45  3.14 0.82 1.06 0.33 0.57 0.04 0.186 0.132 0.094 
171 335.66846 -1.19173 21.70 0.40 17.55 0.24 0.49 0.77  7.79 0.79 1.54 0.31 0.18 0.03 0.217 0.154 0.110 
172 335.89801 -0.67152 23.88 0.40 20.24 0.24 0.37 0.57  3.30 0.79 0.71 0.31 0.24 0.03 0.191 0.136 0.097 
173 337.14358  0.30343 22.40 0.40 20.04 0.24 0.34 0.50  4.90 0.80 1.79 0.32 0.40 0.03 0.181 0.128 0.092 
174 335.95334 -0.86486 24.79 0.40 20.47 0.24 0.52 0.73  6.28 0.80 0.65 0.31 0.64 0.03 0.191 0.135 0.096 
175 336.48503 -0.85877 23.45 0.40 20.06 0.24 0.54 0.85  2.95 0.79 0.75 0.32 0.19 0.03 0.174 0.124 0.088 
176 336.78754 -0.78078 23.51 0.40 20.36 0.24 0.59 0.85  3.42 0.79 0.96 0.31 0.34 0.03 0.187 0.133 0.095 
177 336.51724  0.42146 24.19 0.40 19.70 0.24 0.36 0.59  3.85 0.79 0.38 0.31 0.19 0.03 0.171 0.121 0.086 
178 334.59352 -0.99358 23.08 0.40 19.54 0.24 0.46 0.70  3.87 0.79 0.91 0.31 0.33 0.03 0.241 0.170 0.122 
179 334.65978 -0.40939 24.11 0.40 20.92 0.24 0.65 1.01  5.27 0.81 1.15 0.32 0.62 0.03 0.239 0.170 0.121 
180 335.31577 -0.97180 24.18 0.40 20.29 0.24 0.29 0.51  2.99 0.79 0.51 0.31 0.10 0.03 0.201 0.142 0.102 
181 335.29887 -0.93514 23.10 0.40 19.65 0.24 0.36 0.54  3.83 0.79 0.87 0.31 0.40 0.03 0.196 0.139 0.099 
182 335.28833 -0.54075 20.14 0.40 18.88 0.24 0.68 0.98  5.27 0.79 2.67 0.32 0.07 0.03 0.197 0.140 0.100 
183 334.12616 -0.41243 24.20 0.40 20.73 0.24 0.34 0.44  3.60 0.79 0.85 0.31 0.33 0.03 0.228 0.161 0.115 
184 333.10666 -0.76405 22.77 0.40 18.74 0.24 0.50 0.73  5.04 0.79 0.98 0.31 0.31 0.03 0.217 0.154 0.110 
185 334.11844  0.00059 23.31 0.40 20.14 0.24 0.44 0.64  3.84 0.79 0.84 0.31 0.55 0.03 0.206 0.146 0.104 
186 334.10578 -0.62179 24.86 0.41 21.78 0.26 0.93 1.48  3.25 0.82 0.93 0.33 0.35 0.06 0.230 0.163 0.116 
187 333.81164 -0.25180 23.63 0.40 20.46 0.24 0.55 0.86  3.19 0.79 0.91 0.31 0.29 0.03 0.237 0.168 0.120 
188 333.09592 -0.51813 22.51 0.40 18.30 0.24 0.43 0.59  5.76 0.79 1.25 0.31 0.02 0.03 0.292 0.207 0.148 
189 332.21541 -1.19847 23.72 0.40 19.67 0.24 0.33 0.52  4.43 0.79 0.82 0.31 0.27 0.03 0.254 0.180 0.128 
190 332.95762  0.26113 23.70 0.40 20.44 0.24 0.41 0.54  3.12 0.79 0.77 0.32 0.34 0.03 0.156 0.110 0.079 
191  36.73831 -1.92195 24.24 0.40 19.09 0.24 0.51 0.72  6.35 0.79 0.53 0.31 0.34 0.03 0.078 0.055 0.039 
192  37.24914 -2.36691 20.68 0.40 19.00 0.24 0.66 1.00  5.35 0.80 2.48 0.33 0.07 0.03 0.083 0.059 0.042 
193  35.75392 -1.82681 23.25 0.40 19.20 0.24 0.49 0.69  4.36 0.79 0.93 0.31 0.11 0.03 0.076 0.054 0.038 
194  37.51630 -2.61987 23.69 0.40 20.23 0.24 0.48 0.70  2.83 0.79 0.78 0.31 0.02 0.03 0.085 0.060 0.043 
195  39.00612 -2.44690 24.66 0.40 21.10 0.25 0.24 0.42  3.07 0.80 0.57 0.32 0.33 0.04 0.085 0.060 0.043 
196  37.97668 -2.79023 22.26 0.40 18.25 0.24 0.52 0.80  6.58 0.79 1.44 0.31 0.15 0.03 0.077 0.055 0.039 
197  38.67265 -2.68761 24.34 0.42 20.88 0.27 0.61 1.00  6.85 0.97 1.39 0.34 0.57 0.04 0.077 0.054 0.039 
198  38.52483 -2.65257 24.42 0.45 21.94 0.32 0.63 1.04  3.33 0.91 1.32 0.39 0.33 0.08 0.073 0.052 0.037 
199  37.69093 -1.76791 23.66 0.40 19.87 0.24 0.17 0.22  4.26 0.79 0.92 0.32 0.29 0.03 0.083 0.059 0.042 
200  35.51138 -2.65082 24.23 0.40 20.38 0.24 0.31 0.46  3.94 0.79 0.89 0.32 0.14 0.04 0.067 0.048 0.034 
201  35.82790 -2.05708 23.73 0.40 17.76 0.24 0.29 0.47 10.40 0.79 0.66 0.31 0.39 0.03 0.070 0.049 0.035 
202  34.93464 -1.99342 23.39 0.40 19.98 0.24 0.36 0.53  3.51 0.79 0.88 0.32 0.30 0.03 0.076 0.054 0.038 
203  36.27899 -1.87425 24.72 0.40 19.52 0.24 0.50 0.69  7.84 0.80 0.63 0.31 0.49 0.03 0.089 0.063 0.045 
204  36.25249 -2.52928 25.96 0.40 21.54 0.25 0.52 0.80  4.37 0.82 0.42 0.32 0.39 0.05 0.068 0.048 0.035 
205  36.20808 -2.87864 23.36 0.40 19.96 0.24 0.30 0.41  4.44 0.79 1.10 0.31 0.39 0.03 0.074 0.053 0.037 
206  34.30837 -1.97479 22.82 0.40 19.82 0.24 0.39 0.65  3.15 0.79 1.11 0.32 0.15 0.03 0.079 0.056 0.040 
207  34.18806 -2.40234 23.43 0.40 20.43 0.24 0.60 0.88  2.78 0.79 0.81 0.32 0.31 0.03 0.067 0.048 0.034 
208  33.46654 -2.37284 22.62 0.40 20.00 0.24 0.46 0.63  4.22 0.79 1.27 0.32 0.57 0.03 0.089 0.063 0.045 
209  32.97209 -2.05351 23.29 0.40 18.61 0.24 0.32 0.58  6.12 0.79 0.94 0.31 0.19 0.03 0.078 0.055 0.039 
210  32.83036 -2.24372 23.76 0.41 20.65 0.27 0.40 0.80  5.13 0.87 1.50 0.33 0.33 0.04 0.095 0.068 0.048 
211  33.96771 -1.96206 23.61 0.40 19.80 0.24 0.18 0.28  3.50 0.79 0.71 0.31 0.21 0.03 0.068 0.048 0.034 
212  32.08865 -2.39215 21.66 0.40 19.21 0.24 0.25 0.40  3.76 0.79 1.71 0.31 0.02 0.03 0.075 0.053 0.038 
213  32.26811 -2.16483 23.72 0.40 20.05 0.24 0.28 0.39  3.88 0.79 0.49 0.31 0.58 0.03 0.085 0.061 0.043 
214  32.63180 -2.87640 23.76 0.40 19.65 0.24 0.34 0.60  4.35 0.79 0.76 0.31 0.27 0.03 0.085 0.060 0.043 
215  30.69727 -1.97203 20.30 0.40 19.48 0.24 0.58 0.86  4.92 0.80 2.20 0.32 0.70 0.03 0.072 0.051 0.037 
216  31.10219 -2.14213 23.59 0.40 18.41 0.24 0.35 0.53  6.49 0.79 0.59 0.31 0.31 0.03 0.078 0.055 0.039 
217  30.65617 -1.94657 23.57 0.40 19.71 0.24 0.36 0.49  3.08 0.79 0.62 0.31 0.05 0.03 0.069 0.049 0.035 
218  30.79194 -2.74945 21.90 0.40 19.73 0.24 0.28 0.40  3.66 0.79 1.82 0.32 0.03 0.03 0.069 0.049 0.035 
219  31.40602 -2.33898 23.37 0.40 18.75 0.24 0.33 0.51  5.19 0.79 0.71 0.31 0.24 0.03 0.070 0.050 0.036 
220  28.92720 -3.10227 23.65 0.40 20.32 0.24 0.65 0.96  3.14 0.79 0.79 0.32 0.28 0.03 0.075 0.053 0.038 
221  30.81677 -2.21937 23.49 0.40 19.72 0.24 0.31 0.54  3.17 0.79 0.59 0.31 0.21 0.03 0.080 0.057 0.041 
222  29.01804 -3.03785 22.72 0.40 19.99 0.25 0.57 1.04  3.67 0.80 1.52 0.32 0.05 0.04 0.076 0.054 0.039 
223  31.10671 -2.48640 24.63 0.40 21.41 0.25 0.39 0.60  3.11 0.80 0.84 0.32 0.30 0.04 0.074 0.053 0.038 
224  29.39385 -1.95934 23.36 0.40 19.75 0.24 0.42 0.63  3.32 0.79 0.72 0.31 0.26 0.03 0.073 0.052 0.037 
225  29.35682 -2.48705 23.44 0.40 19.54 0.24 0.52 0.79  4.45 0.79 0.88 0.31 0.32 0.03 0.070 0.049 0.035 
226  29.29643 -2.17915 22.37 0.40 18.28 0.24 0.47 0.70  5.69 0.79 1.15 0.31 0.25 0.03 0.071 0.051 0.036 
227  29.45486 -2.82900 23.88 0.40 20.09 0.24 0.10 0.10  3.48 0.79 0.55 0.31 0.36 0.03 0.073 0.052 0.037 
228  29.12068 -2.72699 21.94 0.40 18.52 0.24 0.54 0.83  4.87 0.79 1.32 0.31 0.26 0.03 0.068 0.048 0.034 
229  39.45112 -4.54421 21.51 0.40 19.37 0.24 0.60 0.87  3.59 0.79 1.57 0.32 0.36 0.03 0.077 0.054 0.039 
230  29.70299 -2.15501 23.69 0.40 18.70 0.24 0.36 0.57  5.77 0.79 0.52 0.31 0.33 0.03 0.070 0.050 0.036 
231  28.95772 -2.56895 23.79 0.40 19.10 0.24 0.47 0.69  4.98 0.79 0.74 0.31 0.08 0.03 0.069 0.049 0.035 
232  39.40129 -4.62975 20.39 0.40 19.26 0.24 0.36 0.53  3.61 0.80 2.26 0.32 0.16 0.03 0.075 0.053 0.038 
233  29.74664 -1.88790 23.02 0.40 19.78 0.24 0.62 0.93  2.83 0.79 0.89 0.31 0.07 0.03 0.073 0.052 0.037 
234  37.88327 -2.97544 24.38 0.40 20.85 0.24 0.43 0.59  3.12 0.79 0.65 0.31 0.30 0.03 0.081 0.058 0.041 
235  37.69858 -2.96792 25.29 0.48 22.30 0.36 0.06 0.37  3.80 1.02 1.36 0.42 0.13 0.12 0.084 0.059 0.042 
236  38.11177 -3.42302 23.51 0.40 19.53 0.24 0.54 0.79  6.06 0.79 0.76 0.31 0.67 0.03 0.071 0.050 0.036 
237  37.28957 -3.25863 25.65 0.42 21.98 0.27 0.21 0.64  3.93 0.84 0.88 0.33 0.28 0.06 0.077 0.055 0.039 
238  37.10237 -2.94921 25.29 0.40 20.89 0.24 0.59 0.81  3.77 0.79 0.50 0.31 0.10 0.04 0.080 0.057 0.040 
239  37.03798 -3.13741 25.04 0.40 21.30 0.24 0.70 1.02  4.11 0.80 0.72 0.32 0.45 0.04 0.078 0.055 0.039 
240  36.19941 -3.51751 23.08 0.40 18.82 0.24 0.38 0.56  6.19 0.79 0.97 0.31 0.43 0.03 0.070 0.050 0.035 
241  35.94019 -3.64859 24.09 0.40 20.73 0.24 0.28 0.36  4.12 0.79 0.87 0.31 0.52 0.03 0.071 0.050 0.036 
242  34.27163 -3.56117 25.28 0.40 20.38 0.24 0.69 1.03  6.96 0.80 0.58 0.31 0.54 0.03 0.070 0.049 0.035 
243  34.17093 -3.51542 23.99 0.40 20.50 0.24 0.59 0.90  3.45 0.79 1.00 0.32 0.06 0.03 0.077 0.055 0.039 
244  33.12404 -3.03120 25.84 0.40 21.34 0.24 0.37 0.60  3.96 0.79 0.25 0.31 0.31 0.03 0.084 0.060 0.042 
245  32.76935 -2.98385 23.55 0.40 20.24 0.24 0.28 0.48  3.07 0.79 0.83 0.31 0.22 0.03 0.077 0.055 0.039 
246  32.61332 -3.79085 22.77 0.40 19.82 0.24 0.42 0.64  3.13 0.79 1.10 0.31 0.19 0.03 0.069 0.049 0.035 
247  32.83919 -3.64848 23.95 0.40 20.46 0.24 0.23 0.43  5.07 0.80 1.07 0.32 0.52 0.03 0.061 0.043 0.031 
248  33.35983 -3.07067 25.56 0.40 20.45 0.24 0.59 0.74  4.90 0.79 0.36 0.31 0.12 0.04 0.086 0.061 0.043 
249  32.23809 -3.26839 21.81 0.40 18.59 0.24 0.33 0.56  6.08 0.79 1.66 0.31 0.30 0.03 0.074 0.053 0.038 
250  29.38265 -2.91627 24.26 0.40 20.10 0.24 0.58 0.83  5.39 0.79 0.56 0.31 0.62 0.03 0.074 0.052 0.037 
251  29.58940 -2.95300 23.06 0.40 18.22 0.24 0.35 0.53  8.32 0.79 1.04 0.31 0.40 0.03 0.078 0.055 0.039 
252  29.17887 -3.50903 23.75 0.41 20.97 0.26 0.42 0.57  2.72 0.80 0.98 0.33 0.25 0.06 0.071 0.050 0.036 
253  30.18053 -3.35473 24.57 0.41 21.25 0.25 0.87 1.32  3.38 0.81 0.92 0.33 0.26 0.05 0.070 0.050 0.036 
254  30.20144 -3.90906 23.07 0.40 20.48 0.24 0.29 0.47  4.04 0.80 1.42 0.32 0.41 0.03 0.068 0.048 0.034 
255  29.84235 -3.18641 25.77 0.40 20.52 0.24 0.48 0.82  8.24 0.82 0.58 0.32 0.55 0.03 0.077 0.054 0.039 
256  29.72701 -3.33572 23.06 0.41 20.42 0.25 0.57 0.92  4.70 0.83 1.60 0.33 0.38 0.04 0.073 0.052 0.037 
257  29.83719 -3.29242 23.52 0.40 19.60 0.24 0.46 0.62  4.65 0.79 0.87 0.31 0.37 0.03 0.069 0.049 0.035 
258  38.96084 -4.99382 23.00 0.40 19.92 0.24 0.44 0.64  3.21 0.79 0.99 0.31 0.26 0.03 0.067 0.048 0.034 
259  38.37947 -4.14898 24.29 0.40 18.29 0.24 0.37 0.52  9.07 0.79 0.76 0.31 0.05 0.03 0.069 0.049 0.035 
260  37.68303 -4.60199 21.34 0.40 18.37 0.24 0.66 0.92  9.43 0.80 2.34 0.32 0.22 0.03 0.077 0.055 0.039 
261  36.82575 -4.74147 26.31 0.40 21.39 0.24 0.63 0.81  5.72 0.81 0.34 0.32 0.47 0.04 0.080 0.057 0.041 
262  36.46018 -4.40210 23.84 0.40 20.14 0.24 0.33 0.41  5.10 0.79 0.84 0.31 0.59 0.03 0.071 0.050 0.036 
263  37.57071 -4.21543 23.10 0.40 19.15 0.24 0.40 0.51  4.50 0.79 0.88 0.31 0.30 0.03 0.081 0.057 0.041 
264  36.67423 -4.07979 23.82 0.40 20.42 0.24 0.37 0.52  3.74 0.79 0.83 0.31 0.43 0.03 0.078 0.055 0.040 
265  36.37673 -5.04815 25.35 0.41 21.08 0.26 0.51 0.91  5.39 0.83 0.56 0.32 0.58 0.06 0.077 0.054 0.039 
266  36.36330 -4.96164 24.18 0.40 20.65 0.24 0.54 0.66  3.47 0.79 0.87 0.31 0.21 0.03 0.077 0.055 0.039 
267  34.17509 -4.70562 22.65 0.40 18.86 0.24 0.30 0.40  6.27 0.79 1.52 0.32 0.12 0.03 0.055 0.039 0.028 
268  35.18785 -4.53235 20.45 0.40 19.50 0.24 0.41 0.62  4.24 0.79 2.21 0.31 0.53 0.03 0.066 0.047 0.033 
269  31.64840 -4.92175 22.37 0.41 20.77 0.26 0.80 1.13  3.57 0.81 1.95 0.34 0.24 0.04 0.064 0.045 0.032 
270  30.27346 -4.87170 21.90 0.40 19.42 0.24 0.45 0.70  3.50 0.79 1.40 0.31 0.32 0.03 0.072 0.051 0.036 
271  30.26618 -5.10157 23.87 0.40 20.07 0.24 0.51 0.80  4.40 0.79 1.00 0.31 0.23 0.03 0.076 0.054 0.038 
272  28.95192 -4.66122 23.22 0.40 19.01 0.24 0.35 0.53  4.88 0.79 0.76 0.31 0.36 0.03 0.063 0.045 0.032 
273  29.09872 -4.65628 23.09 0.40 19.48 0.24 0.44 0.67  3.81 0.79 0.94 0.31 0.21 0.03 0.064 0.046 0.033 
274  30.11353 -4.56230 23.92 0.40 18.54 0.24 0.20 0.31  6.47 0.79 0.47 0.31 0.28 0.03 0.064 0.045 0.032 
275  29.11985 -4.53059 23.01 0.40 18.79 0.24 0.58 0.88  5.09 0.79 0.99 0.31 0.17 0.03 0.071 0.050 0.036 
276  29.18323 -4.52198 20.98 0.40 18.46 0.24 0.60 0.93  6.02 0.79 2.08 0.32 0.22 0.03 0.070 0.050 0.035 
277  29.15509 -4.90706 22.61 0.40 20.13 0.24 0.41 0.61  3.90 0.79 1.20 0.32 0.60 0.03 0.059 0.042 0.030 
278  39.44614 -6.75470 25.29 0.43 21.17 0.28 0.67 1.11  5.07 0.93 0.84 0.34 0.39 0.07 0.071 0.050 0.036 
279  39.37204 -6.66119 25.36 0.40 20.90 0.25 0.41 0.51  4.73 0.82 0.59 0.32 0.32 0.05 0.078 0.055 0.039 
280  39.00356 -6.74693 25.29 0.40 21.22 0.25 0.31 0.58  3.78 0.81 0.47 0.32 0.36 0.05 0.069 0.049 0.035 
281  39.14295 -6.68970 24.78 0.40 21.28 0.25 0.25 0.39  3.03 0.80 0.64 0.32 0.27 0.05 0.076 0.054 0.038 
282  39.06565 -6.51291 23.99 0.40 20.00 0.24 0.38 0.64  3.36 0.79 0.53 0.32 0.20 0.03 0.073 0.051 0.037 
283  38.96086 -6.04691 22.93 0.40 19.83 0.24 0.48 0.71  4.49 0.79 1.28 0.32 0.39 0.03 0.078 0.055 0.039 
284  39.38754 -6.05048 23.96 0.40 18.57 0.24 0.34 0.48  6.09 0.79 0.46 0.31 0.19 0.03 0.078 0.055 0.039 
285  39.48118 -6.25663 23.54 0.40 17.47 0.24 0.44 0.60 10.35 0.79 0.73 0.31 0.25 0.03 0.083 0.059 0.042 
286  39.32620 -5.99174 24.03 0.40 20.36 0.24 0.27 0.44  4.29 0.80 0.87 0.32 0.42 0.03 0.077 0.055 0.039 
287  40.02567 -6.44741 23.19 0.40 19.39 0.24 0.39 0.65  3.51 0.79 0.69 0.32 0.24 0.03 0.070 0.050 0.036 
288  39.68819 -6.89934 23.85 0.41 19.79 0.26 0.53 0.90  6.44 0.90 1.27 0.33 0.30 0.05 0.066 0.047 0.034 
289  39.86103 -5.66618 23.36 0.40 19.08 0.24 0.36 0.59  3.99 0.79 0.69 0.32 0.08 0.03 0.075 0.053 0.038 
290  38.71351 -5.82542 24.82 0.40 20.85 0.24 0.54 0.61  3.10 0.79 0.35 0.31 0.24 0.03 0.076 0.054 0.038 
291  39.99796 -6.80455 23.96 0.40 20.19 0.24 0.42 0.61  3.16 0.79 0.52 0.32 0.27 0.04 0.066 0.047 0.033 
292  39.69511 -6.23669 23.37 0.40 18.35 0.24 0.66 0.98  7.08 0.80 0.98 0.31 0.13 0.03 0.074 0.053 0.037 
293  39.79961 -5.71772 23.95 0.40 20.46 0.25 0.28 0.49  2.77 0.79 0.57 0.32 0.22 0.05 0.074 0.052 0.037 
294  37.86881 -6.09610 25.62 0.41 21.98 0.25 0.43 0.81  3.79 0.81 0.45 0.32 0.58 0.04 0.069 0.049 0.035 
295  39.26780 -5.26596 25.45 0.40 19.75 0.24 0.46 0.74  8.16 0.82 0.75 0.32 0.12 0.04 0.072 0.051 0.037 
296  38.31546 -6.59499 19.81 0.40 18.68 0.24 0.50 0.75  4.98 0.79 2.61 0.32 0.18 0.03 0.077 0.055 0.039 
297  38.29381 -5.78093 23.38 0.40 20.03 0.24 0.35 0.51  3.24 0.79 0.80 0.31 0.30 0.03 0.067 0.048 0.034 
298  38.51385 -6.33839 25.54 0.41 21.74 0.26 0.43 0.56  3.77 0.82 0.52 0.32 0.47 0.05 0.069 0.049 0.035 
299  36.34453 -6.82547 23.80 0.40 19.96 0.24 0.31 0.42  3.46 0.79 0.70 0.32 0.18 0.03 0.097 0.069 0.049 
300  36.50578 -6.29140 25.60 0.45 22.24 0.31 0.40 0.72  3.42 0.91 0.95 0.37 0.22 0.11 0.098 0.069 0.050 
301  36.24684 -6.66886 23.43 0.40 19.83 0.24 0.37 0.54  3.43 0.79 0.83 0.31 0.18 0.03 0.093 0.066 0.047 
302  37.32133 -6.41602 23.71 0.40 19.21 0.24 0.25 0.33  5.47 0.79 0.74 0.31 0.36 0.03 0.089 0.063 0.045 
303  36.72362 -6.29294 25.18 0.40 20.61 0.24 0.74 1.20  5.77 0.81 0.69 0.32 0.43 0.04 0.091 0.064 0.046 
304  36.52391 -5.25631 24.27 0.40 20.58 0.24 0.51 0.77  3.08 0.79 0.68 0.31 0.13 0.04 0.072 0.051 0.037 
305  36.97054 -6.41629 23.23 0.40 17.31 0.24 0.31 0.45 13.08 0.79 0.84 0.31 0.52 0.03 0.086 0.061 0.044 
306  37.27880 -5.54917 23.53 0.40 19.97 0.25 0.55 0.93  6.78 0.83 1.55 0.33 0.35 0.03 0.072 0.051 0.036 
307  37.23321 -5.36786 25.15 0.40 21.37 0.24 0.54 0.58  3.51 0.79 0.46 0.32 0.45 0.03 0.067 0.048 0.034 
308  36.58562 -5.33722 22.59 0.40 19.07 0.24 0.40 0.56  4.37 0.79 1.14 0.31 0.26 0.03 0.075 0.053 0.038 
309  36.33909 -5.55870 25.30 0.41 21.46 0.26 0.72 1.06  4.39 0.83 0.97 0.33 0.23 0.05 0.070 0.050 0.036 
310  34.82608 -6.93326 19.28 0.40 17.63 0.24 0.41 0.56  8.53 0.80 2.84 0.31 0.31 0.03 0.068 0.048 0.034 
311  35.01666 -6.57546 23.51 0.40 18.76 0.24 0.53 0.86  7.39 0.79 1.21 0.31 0.10 0.03 0.072 0.051 0.036 
312  34.98101 -6.72050 23.93 0.41 20.97 0.25 0.73 0.91  3.09 0.81 1.09 0.33 0.17 0.05 0.071 0.050 0.036 
313  34.95172 -6.71189 24.38 0.41 19.91 0.25 0.38 0.95  9.99 0.95 1.34 0.32 0.53 0.03 0.069 0.049 0.035 
314  35.34326 -5.42328 23.50 0.40 20.04 0.24 0.61 0.90  3.95 0.79 0.93 0.31 0.37 0.03 0.069 0.049 0.035 
315  35.36102 -5.43343 25.78 0.41 22.06 0.25 0.56 0.95  3.13 0.81 0.54 0.32 0.27 0.06 0.069 0.049 0.035 
316  35.34980 -5.35893 24.14 0.40 20.70 0.24 0.30 0.44  3.05 0.79 0.72 0.31 0.24 0.03 0.063 0.045 0.032 
317  35.31540 -5.53917 25.02 0.40 19.32 0.24 0.49 0.67  8.67 0.79 0.60 0.31 0.36 0.03 0.072 0.051 0.036 
318  35.35374 -5.73281 23.14 0.40 18.15 0.24 0.45 0.59  7.75 0.79 1.11 0.31 0.11 0.03 0.066 0.047 0.034 
319  35.44907 -5.65036 23.23 0.40 19.54 0.24 0.58 0.77  3.81 0.79 0.81 0.31 0.31 0.03 0.065 0.046 0.033 
320  33.59170 -6.80532 23.75 0.40 19.63 0.24 0.42 0.52  4.30 0.79 0.74 0.31 0.27 0.03 0.077 0.055 0.039 
321  34.64441 -6.20896 24.59 0.40 20.54 0.24 0.24 0.41  3.93 0.79 0.64 0.31 0.29 0.03 0.072 0.051 0.037 
322  33.84203 -5.27461 23.36 0.40 19.65 0.24 0.31 0.38  3.90 0.79 0.90 0.31 0.23 0.03 0.058 0.041 0.030 
323  33.81903 -6.42413 23.15 0.40 19.73 0.24 0.32 0.48  4.86 0.79 1.24 0.31 0.36 0.03 0.067 0.047 0.034 
324  34.70364 -6.76539 23.50 0.40 19.79 0.25 0.48 0.63  4.24 0.81 1.13 0.32 0.07 0.04 0.074 0.052 0.037 
325  34.68514 -6.66907 23.04 0.40 18.76 0.24 0.63 0.84  4.55 0.79 0.78 0.31 0.20 0.03 0.079 0.056 0.040 
326  34.67097 -6.87421 24.17 0.40 21.10 0.25 0.65 0.78  2.89 0.80 0.75 0.32 0.37 0.04 0.073 0.052 0.037 
327  34.34471 -5.49559 25.38 0.40 20.47 0.24 0.52 0.62  4.74 0.79 0.55 0.31 0.04 0.04 0.065 0.046 0.033 
328  32.56948 -6.60030 24.53 0.40 20.55 0.25 0.75 0.95  4.08 0.80 0.71 0.32 0.32 0.04 0.065 0.046 0.033 
329  32.43018 -6.84363 23.85 0.40 19.20 0.24 0.40 0.61  4.48 0.79 0.45 0.31 0.24 0.03 0.066 0.047 0.033 
330  33.08616 -6.31078 25.90 0.41 21.96 0.25 0.38 0.84  3.05 0.81 0.44 0.32 0.17 0.06 0.071 0.050 0.036 
331  32.95630 -6.47207 24.24 0.40 20.89 0.24 0.59 0.89  3.20 0.79 0.82 0.32 0.26 0.04 0.072 0.051 0.037 
332  32.31839 -6.39514 23.92 0.40 20.58 0.24 0.43 0.63  3.59 0.79 0.92 0.32 0.33 0.03 0.067 0.048 0.034 
333  32.27289 -6.30735 24.35 0.40 19.94 0.24 0.25 0.31  4.83 0.79 0.69 0.31 0.29 0.03 0.068 0.048 0.034 
334  32.77510 -5.15336 25.33 0.40 21.63 0.25 0.29 0.33  3.89 0.81 0.63 0.32 0.48 0.04 0.055 0.039 0.028 
335  32.83960 -6.53690 24.22 0.40 20.51 0.24 0.64 0.92  3.87 0.80 0.96 0.32 0.14 0.04 0.072 0.051 0.037 
336  32.82931 -6.47049 22.55 0.40 19.74 0.24 0.65 0.98  4.35 0.80 1.57 0.32 0.19 0.03 0.068 0.048 0.035 
337  32.61469 -5.97442 24.98 0.40 21.39 0.24 0.35 0.50  3.22 0.80 0.67 0.32 0.28 0.04 0.058 0.041 0.030 
338  32.58805 -5.97019 25.57 0.41 21.76 0.27 0.41 0.50  3.98 0.84 0.85 0.33 0.24 0.06 0.058 0.041 0.030 
339  32.75140 -6.72239 24.27 0.40 20.04 0.24 0.63 1.04  5.07 0.80 0.94 0.32 0.21 0.05 0.071 0.050 0.036 
340  32.70979 -6.59894 23.98 0.41 20.57 0.25 0.67 1.01  3.48 0.81 0.87 0.33 0.30 0.05 0.068 0.048 0.034 
341  32.37441 -5.79684 23.52 0.40 20.35 0.24 0.32 0.45  2.85 0.79 0.69 0.31 0.36 0.03 0.063 0.044 0.032 
342  31.36609 -6.30172 24.82 0.41 20.88 0.25 0.23 0.32  3.75 0.81 0.69 0.32 0.24 0.06 0.062 0.044 0.031 
343  31.59058 -6.39757 23.48 0.40 20.06 0.24 0.34 0.58  3.13 0.79 0.65 0.31 0.36 0.03 0.060 0.042 0.030 
344  31.63289 -6.29757 25.46 0.41 21.44 0.25 0.75 1.02  5.46 0.85 0.63 0.32 0.65 0.04 0.059 0.042 0.030 
345  30.99481 -5.55959 23.48 0.40 19.51 0.24 0.30 0.38  3.87 0.79 0.84 0.31 0.09 0.03 0.067 0.047 0.034 
346  32.00364 -6.28043 24.39 0.40 20.07 0.24 0.31 0.46  4.13 0.79 0.57 0.31 0.24 0.03 0.069 0.049 0.035 
347  29.51758 -6.06877 23.40 0.40 20.11 0.24 0.43 0.61  3.24 0.79 0.91 0.32 0.23 0.03 0.085 0.060 0.043 
348  29.60135 -6.29161 25.74 0.43 21.53 0.28 0.60 0.76  5.09 0.94 0.70 0.34 0.47 0.07 0.079 0.056 0.040 
349  29.94474 -6.78977 24.52 0.40 20.52 0.24 0.57 0.83  3.36 0.80 0.58 0.32 0.13 0.05 0.072 0.051 0.037 
350  29.90129 -6.61598 22.49 0.41 19.93 0.25 0.42 0.67  3.21 0.80 1.42 0.34 0.09 0.04 0.064 0.046 0.033 
351  30.26836 -6.74611 24.28 0.40 20.20 0.24 0.55 0.84  4.54 0.80 0.74 0.32 0.37 0.04 0.070 0.050 0.036 
352  30.26300 -6.68032 23.49 0.40 20.56 0.25 0.66 0.94  3.50 0.80 1.11 0.32 0.36 0.04 0.069 0.049 0.035 
353  30.21489 -6.95317 23.39 0.40 19.21 0.24 0.57 0.84  5.05 0.80 0.93 0.31 0.26 0.03 0.068 0.049 0.035 
354  30.34874 -6.82286 23.66 0.40 19.32 0.24 0.32 0.61  3.98 0.79 0.65 0.31 0.07 0.03 0.074 0.052 0.037 
355  30.34717 -6.79614 20.31 0.41 18.41 0.26 0.57 0.86  6.36 0.85 2.58 0.35 0.02 0.03 0.073 0.052 0.037 
356  30.41362 -5.76874 23.39 0.40 20.34 0.24 0.63 0.87  3.49 0.79 1.18 0.32 0.19 0.03 0.065 0.046 0.033 
357  30.51713 -6.92962 24.23 0.44 20.73 0.30 0.69 0.92  4.34 0.94 1.19 0.36 0.19 0.08 0.073 0.051 0.037 
358  30.46177 -6.67291 22.87 0.40 19.72 0.24 0.37 0.56  3.13 0.79 0.92 0.32 0.26 0.03 0.076 0.054 0.038 
359  30.53206 -6.62505 23.39 0.41 20.52 0.25 0.37 0.55  2.67 0.80 1.02 0.32 0.10 0.05 0.079 0.056 0.040 
360  30.67756 -6.76474 23.06 0.40 19.81 0.24 0.46 0.67  3.57 0.79 0.83 0.32 0.45 0.03 0.070 0.050 0.035 
361  30.47352 -5.64659 23.96 0.40 19.88 0.24 0.59 0.85  4.64 0.79 0.73 0.31 0.41 0.03 0.075 0.053 0.038 
362  29.18476 -5.90797 24.98 0.41 21.49 0.27 0.50 0.67  2.91 0.82 0.69 0.33 0.16 0.08 0.071 0.050 0.036 
363  29.59924 -5.63899 25.24 0.40 18.87 0.24 0.53 0.86 10.89 0.80 0.54 0.31 0.31 0.03 0.071 0.051 0.036 
364  30.18736 -5.43758 24.62 0.41 21.42 0.27 0.50 0.69  3.29 0.82 1.06 0.36 0.13 0.06 0.081 0.057 0.041 
365  30.30579 -5.44573 24.86 0.40 19.97 0.24 0.57 0.87  5.51 0.79 0.65 0.31 0.20 0.03 0.086 0.061 0.044 
366  30.02050 -5.30609 23.57 0.40 19.66 0.24 0.39 0.56  4.58 0.79 0.68 0.31 0.51 0.03 0.068 0.048 0.035 
367 141.28089  3.73480 24.63 0.42 21.22 0.27 0.82 1.12  5.46 0.89 1.10 0.33 0.59 0.04 0.095 0.067 0.048 
368 141.22510  4.54324 20.78 0.40 19.19 0.24 0.62 0.90  3.13 0.79 1.92 0.31 0.07 0.03 0.126 0.090 0.064 
369  30.39038 -5.55386 24.40 0.40 20.89 0.24 0.53 0.81  3.05 0.79 0.77 0.32 0.14 0.04 0.080 0.056 0.040 
370 140.29861  4.23076 23.97 0.40 20.39 0.24 0.35 0.47  3.01 0.79 0.67 0.31 0.18 0.03 0.137 0.097 0.069 
371 140.38243  4.23978 24.73 0.40 21.51 0.25 0.76 0.93  3.59 0.80 0.85 0.32 0.46 0.04 0.141 0.100 0.071 
372 139.61361  4.27492 23.09 0.40 20.39 0.24 0.30 0.41  2.85 0.79 1.05 0.31 0.28 0.03 0.123 0.087 0.062 
373 139.88733  4.93473 22.94 0.40 20.00 0.24 0.47 0.67  3.06 0.79 1.11 0.31 0.15 0.03 0.146 0.103 0.074 
374 140.13768  4.93474 23.48 0.40 20.18 0.24 0.45 0.62  2.90 0.79 0.92 0.32 0.02 0.03 0.140 0.099 0.071 
375 136.78461  4.42192 26.22 0.41 21.83 0.25 0.76 0.84  4.49 0.83 0.43 0.32 0.42 0.05 0.105 0.074 0.053 
376 138.72607  4.67378 25.33 0.42 21.85 0.27 0.57 0.88  4.78 0.87 0.88 0.33 0.60 0.04 0.150 0.106 0.076 
377 138.77761  4.97820 22.83 0.40 18.56 0.24 0.39 0.53  5.10 0.79 1.07 0.31 0.02 0.03 0.146 0.103 0.074 
378 137.27301  4.99524 23.57 0.40 17.64 0.24 0.55 0.77 10.25 0.79 0.95 0.31 0.06 0.03 0.117 0.083 0.059 
379 137.45624  4.59916 24.20 0.40 20.67 0.24 0.44 0.62  3.82 0.80 0.96 0.32 0.25 0.04 0.116 0.082 0.059 
380 137.35901  4.70066 24.86 0.41 20.93 0.25 0.78 1.06  5.58 0.84 0.93 0.32 0.52 0.04 0.113 0.080 0.057 
381 136.20534  4.80317 24.54 0.40 21.16 0.24 0.40 0.54  3.09 0.79 0.76 0.32 0.27 0.04 0.118 0.083 0.060 
382 135.54593  4.99386 23.40 0.40 19.50 0.24 0.39 0.46  3.91 0.79 0.67 0.31 0.34 0.03 0.109 0.077 0.055 
383 140.61426  3.08561 23.60 0.40 19.90 0.24 0.61 0.86  5.10 0.79 0.90 0.31 0.56 0.03 0.139 0.099 0.071 
384 140.67161  3.13841 24.23 0.40 20.20 0.24 0.66 0.86  4.86 0.80 0.96 0.31 0.27 0.03 0.138 0.098 0.070 
385 140.57941  4.01493 24.56 0.40 21.11 0.24 0.58 0.80  2.60 0.79 0.65 0.31 0.05 0.04 0.130 0.092 0.066 
386 140.11032  4.03641 24.92 0.40 21.35 0.24 0.31 0.50  3.26 0.79 0.66 0.32 0.32 0.04 0.154 0.109 0.078 
387 137.74179  3.75587 25.87 0.40 21.43 0.24 0.98 1.24  5.37 0.80 0.39 0.32 0.60 0.03 0.096 0.068 0.049 
388 138.42169  3.51923 25.42 0.40 20.99 0.24 0.71 1.01  3.87 0.79 0.40 0.31 0.22 0.04 0.118 0.084 0.060 
389 137.05859  3.33178 23.74 0.40 19.55 0.24 0.65 0.87  5.38 0.79 0.81 0.31 0.45 0.03 0.105 0.075 0.053 
390 137.00458  3.18664 24.36 0.40 20.81 0.25 0.71 0.96  5.63 0.82 1.11 0.32 0.56 0.03 0.119 0.084 0.060 
391 134.54987  3.27172 24.17 0.40 20.01 0.24 0.64 0.84  4.58 0.79 0.74 0.31 0.33 0.03 0.120 0.085 0.061 
392 135.01916  3.35476 21.77 0.40 18.59 0.24 0.67 0.91  5.05 0.79 1.64 0.32 0.05 0.03 0.148 0.105 0.075 
393 134.93929  3.41850 23.92 0.40 20.00 0.24 0.41 0.56  3.69 0.79 0.63 0.31 0.30 0.03 0.145 0.103 0.074 
394 135.07948  3.70530 23.69 0.40 20.30 0.24 0.39 0.41  4.43 0.80 1.17 0.32 0.32 0.03 0.119 0.084 0.060 
395 135.58651  3.35975 23.51 0.40 20.29 0.24 0.63 0.89  4.01 0.80 1.25 0.32 0.19 0.03 0.144 0.102 0.073 
396 135.84653  3.27561 23.28 0.40 20.15 0.24 0.71 0.87  3.47 0.79 1.02 0.31 0.31 0.03 0.117 0.083 0.059 
397 136.01290  3.62337 25.44 0.40 20.72 0.24 0.70 0.81  4.64 0.80 0.60 0.32 0.10 0.04 0.100 0.071 0.051 
398 135.76217  3.48404 26.38 0.40 22.36 0.25 0.56 0.58  3.35 0.81 0.36 0.32 0.32 0.06 0.123 0.087 0.062 
399 139.27042  2.27685 24.00 0.40 20.49 0.24 0.47 0.71  3.33 0.79 0.89 0.31 0.14 0.03 0.077 0.054 0.039 
400 135.68987  3.29475 24.13 0.40 20.44 0.24 0.47 0.78  3.72 0.79 0.76 0.31 0.32 0.03 0.125 0.089 0.063 
401 140.04261  2.09304 21.84 0.40 19.36 0.24 0.49 0.72  3.82 0.79 1.44 0.31 0.38 0.03 0.074 0.052 0.037 
402 138.00900  2.01032 23.69 0.40 20.34 0.24 0.54 0.70  3.83 0.79 0.87 0.31 0.45 0.03 0.071 0.050 0.036 
403 138.85153  2.68656 24.78 0.40 20.71 0.24 0.28 0.39  3.24 0.79 0.31 0.31 0.27 0.03 0.099 0.071 0.050 
404 137.16495  2.48607 25.05 0.40 21.60 0.24 0.98 1.28  3.61 0.80 0.50 0.32 0.60 0.03 0.083 0.059 0.042 
405 137.33918  1.82796 22.96 0.40 19.34 0.24 0.38 0.62  4.26 0.79 1.16 0.31 0.11 0.03 0.074 0.053 0.037 
406 136.84539  1.88794 23.00 0.40 19.88 0.24 0.58 0.81  4.08 0.79 1.24 0.32 0.30 0.03 0.104 0.074 0.053 
407 135.39095  2.33731 24.06 0.40 19.90 0.24 0.33 0.38  4.59 0.79 0.87 0.31 0.19 0.03 0.161 0.114 0.081 
408 135.44320  2.76131 25.47 0.40 21.56 0.24 0.92 1.01  4.26 0.80 0.42 0.31 0.59 0.03 0.149 0.105 0.075 
409 131.59013  2.59149 22.97 0.40 19.36 0.24 0.46 0.63  3.38 0.79 0.89 0.31 0.08 0.03 0.117 0.083 0.059 
410 131.60235  2.22306 24.39 0.41 21.34 0.26 0.62 0.92  4.98 0.86 1.21 0.33 0.58 0.04 0.139 0.098 0.070 
411 131.83591  2.44377 26.07 0.40 21.67 0.25 0.45 0.50  5.02 0.81 0.45 0.32 0.53 0.04 0.119 0.084 0.060 
412 131.91974  2.50075 24.05 0.40 20.32 0.24 0.42 0.80  4.45 0.80 0.96 0.32 0.34 0.03 0.112 0.079 0.057 
413 131.82191  1.90240 23.49 0.40 21.08 0.25 0.76 1.00  4.36 0.81 1.33 0.32 0.63 0.03 0.104 0.074 0.052 
414 130.28211  2.60651 23.66 0.40 20.03 0.24 0.30 0.37  4.16 0.79 0.65 0.31 0.56 0.03 0.081 0.057 0.041 
415 131.04395  2.74723 23.88 0.40 20.36 0.24 0.56 0.79  3.00 0.79 0.80 0.31 0.07 0.04 0.101 0.072 0.051 
416 131.36096  2.29089 23.61 0.40 20.40 0.24 0.56 0.81  3.49 0.79 0.99 0.31 0.31 0.03 0.159 0.112 0.080 
417 130.94103  1.79316 23.91 0.40 20.07 0.24 0.41 0.60  3.33 0.79 0.55 0.31 0.28 0.03 0.184 0.130 0.093 
418 128.80787  1.78699 24.11 0.40 20.52 0.24 0.52 0.75  3.14 0.79 0.70 0.32 0.21 0.04 0.124 0.088 0.063 
419 129.38488  2.67582 22.43 0.40 19.86 0.24 0.41 0.63  3.30 0.79 1.29 0.32 0.31 0.03 0.088 0.063 0.045 
420 224.37304  1.51566 23.11 0.40 19.46 0.24 0.47 0.65  3.77 0.79 0.82 0.31 0.30 0.03 0.129 0.091 0.065 
421 129.93958  1.85705 24.39 0.40 19.61 0.24 0.44 0.57  4.66 0.79 0.39 0.31 0.27 0.03 0.220 0.156 0.111 
422 224.43042  1.35516 23.79 0.40 18.89 0.24 0.37 0.52  6.45 0.79 0.62 0.31 0.43 0.03 0.127 0.090 0.064 
423 224.56241  0.83429 24.48 0.40 19.91 0.24 0.60 0.85  4.78 0.79 0.59 0.31 0.27 0.03 0.139 0.099 0.071 
424 224.81162  1.30048 23.74 0.40 19.57 0.24 0.59 0.84  5.13 0.79 0.92 0.31 0.30 0.03 0.145 0.103 0.073 
425 224.90973  1.48513 25.67 0.40 19.52 0.24 0.46 0.99 12.53 0.88 0.76 0.32 0.42 0.04 0.137 0.097 0.069 
426 225.03557  1.52852 25.50 0.41 21.10 0.25 0.51 0.68  4.35 0.82 0.67 0.32 0.16 0.06 0.147 0.104 0.074 
427 225.33960  1.55130 25.28 0.40 20.37 0.25 0.78 1.07  5.45 0.82 0.66 0.32 0.16 0.05 0.150 0.107 0.076 
428 224.67630  1.47896 24.48 0.40 20.07 0.24 0.52 0.75  3.99 0.79 0.63 0.31 0.06 0.03 0.135 0.096 0.068 
429 224.94305  0.72156 24.17 0.40 19.46 0.24 0.59 0.85  6.82 0.79 0.84 0.31 0.42 0.03 0.142 0.101 0.072 
430 224.57265  0.68943 23.36 0.40 18.95 0.24 0.59 0.90  4.66 0.79 0.84 0.31 0.06 0.03 0.151 0.107 0.076 
431 225.22843  1.34171 23.70 0.40 19.75 0.24 0.59 0.85  4.32 0.79 0.75 0.31 0.37 0.03 0.140 0.099 0.071 
432 225.13866  1.38024 23.79 0.40 19.33 0.24 0.63 0.90  5.69 0.81 1.07 0.32 0.06 0.04 0.140 0.099 0.071 
433 225.16543  1.38568 21.84 0.40 19.40 0.24 0.51 0.77  3.21 0.79 1.43 0.31 0.17 0.03 0.139 0.099 0.071 
434 224.96733  1.08430 23.67 0.40 19.54 0.24 0.57 0.87  4.66 0.79 0.81 0.31 0.31 0.03 0.132 0.093 0.067 
435 224.99742  1.16730 23.73 0.40 17.92 0.24 0.60 0.88  8.82 0.79 0.83 0.31 0.06 0.03 0.131 0.093 0.066 
436 225.40892  0.99811 23.30 0.40 19.58 0.24 0.37 0.51  3.24 0.79 0.78 0.31 0.06 0.03 0.123 0.087 0.062 
437 225.31179  0.80777 24.33 0.40 20.17 0.24 0.57 0.73  4.92 0.80 0.88 0.32 0.29 0.03 0.132 0.094 0.067 
438 225.53224  1.51575 23.63 0.40 18.55 0.24 0.39 0.52  6.60 0.79 0.50 0.31 0.46 0.03 0.148 0.105 0.075 
439 225.18663  1.04470 24.34 0.40 20.57 0.24 0.55 0.79  3.87 0.79 0.85 0.32 0.23 0.03 0.130 0.092 0.066 
440 225.16526  1.08421 24.27 0.40 20.46 0.24 0.55 0.82  3.77 0.79 0.76 0.31 0.27 0.03 0.129 0.091 0.065 
441 223.38797  0.93040 23.86 0.40 19.71 0.24 0.57 0.85  4.91 0.79 0.80 0.31 0.38 0.03 0.154 0.109 0.078 
442 225.51756  1.12692 23.86 0.40 19.20 0.24 0.59 0.98  7.47 0.81 1.23 0.32 0.15 0.03 0.131 0.093 0.066 
443 223.97444  1.27432 24.19 0.40 20.05 0.24 0.56 0.85  4.33 0.79 0.81 0.31 0.19 0.03 0.122 0.086 0.062 
444 224.21180  1.35491 25.17 0.40 20.96 0.24 0.70 0.89  3.91 0.79 0.41 0.31 0.38 0.03 0.126 0.089 0.064 
445 223.39553  0.79952 21.15 0.40 18.51 0.24 0.46 0.73  5.55 0.79 1.92 0.31 0.22 0.03 0.155 0.110 0.078 
446 224.27476  1.05654 20.48 0.40 19.28 0.24 0.54 0.82  3.89 0.79 2.15 0.31 0.37 0.03 0.114 0.081 0.058 
447 222.97362  1.04635 23.92 0.40 21.11 0.24 0.80 1.12  3.27 0.79 0.96 0.32 0.48 0.03 0.125 0.088 0.063 
448 222.37736  0.74647 25.49 0.40 20.42 0.24 0.76 1.10  7.59 0.83 0.84 0.32 0.35 0.04 0.113 0.080 0.057 
449 220.61787  1.53062 22.22 0.40 19.77 0.24 0.41 0.64  3.09 0.79 1.33 0.31 0.23 0.03 0.111 0.079 0.056 
450 220.68650  1.36425 24.52 0.40 21.33 0.25 0.55 0.81  3.18 0.80 0.82 0.32 0.36 0.04 0.105 0.075 0.053 
451 220.57243  1.71746 23.13 0.40 20.27 0.25 0.30 0.48  3.76 0.80 1.45 0.32 0.08 0.04 0.106 0.075 0.054 
452 220.85034  0.95119 23.03 0.40 20.25 0.24 0.25 0.44  3.56 0.80 1.45 0.33 0.03 0.04 0.115 0.081 0.058 
453 221.03510  1.65313 24.47 0.40 19.66 0.24 0.53 0.86  5.71 0.80 0.83 0.31 0.11 0.04 0.105 0.074 0.053 
454 219.35755  1.72623 22.68 0.40 19.43 0.24 0.87 1.15  4.11 0.79 0.92 0.31 0.53 0.03 0.126 0.089 0.064 
455 220.13222  0.65296 22.49 0.40 19.77 0.24 0.38 0.53  3.75 0.79 1.22 0.32 0.44 0.03 0.124 0.088 0.063 
456 218.56033  1.55756 23.42 0.40 17.18 0.24 0.40 0.57 10.20 0.79 0.66 0.31 0.19 0.03 0.117 0.083 0.059 
457 218.52255  1.54242 23.07 0.40 19.71 0.24 0.41 0.64  3.90 0.79 1.03 0.31 0.31 0.03 0.120 0.085 0.061 
458 218.43592  0.64840 24.90 0.40 20.44 0.24 0.63 0.94  5.67 0.80 0.87 0.32 0.31 0.03 0.105 0.074 0.053 
459 218.47286  0.75158 23.41 0.40 19.86 0.24 0.62 0.92  3.63 0.79 0.81 0.31 0.33 0.03 0.106 0.075 0.054 
460 218.40061  0.65765 22.31 0.40 18.67 0.24 0.66 0.97  4.19 0.79 1.16 0.31 0.06 0.03 0.103 0.073 0.052 
461 218.63906  0.87941 23.85 0.40 20.25 0.24 0.61 0.80  3.66 0.79 0.93 0.31 0.17 0.03 0.114 0.081 0.058 
462 217.06534  1.12437 24.71 0.40 20.73 0.24 0.36 0.60  5.23 0.81 1.01 0.32 0.35 0.03 0.086 0.061 0.043 
463 217.15161  0.76617 22.03 0.40 19.64 0.24 0.47 0.73  3.12 0.79 1.44 0.31 0.15 0.03 0.093 0.066 0.047 
464 216.86668  1.33767 22.84 0.40 16.95 0.24 0.37 0.58 11.51 0.79 1.10 0.31 0.09 0.03 0.078 0.055 0.039 
465 216.92102  1.41692 22.42 0.40 19.98 0.24 0.30 0.45  3.63 0.79 1.32 0.31 0.46 0.03 0.076 0.054 0.038 
466 217.84270  1.16116 24.67 0.40 21.14 0.24 0.44 0.84  3.20 0.80 0.69 0.32 0.28 0.04 0.108 0.076 0.054 
467 217.79870  1.23522 25.14 0.40 20.88 0.24 0.39 0.64  4.33 0.80 0.62 0.32 0.31 0.04 0.107 0.076 0.054 
468 215.28279  0.88507 25.00 0.40 20.02 0.24 0.28 0.41  4.59 0.79 0.23 0.31 0.21 0.03 0.098 0.070 0.050 
469 214.28010  1.14947 24.39 0.40 20.68 0.24 0.38 0.65  4.13 0.79 0.90 0.31 0.31 0.03 0.112 0.079 0.057 
470 214.58347  0.86621 24.60 0.40 20.87 0.24 0.24 0.45  2.76 0.79 0.50 0.31 0.10 0.03 0.107 0.076 0.054 
471 214.51973  0.82034 21.63 0.40 18.93 0.24 0.20 0.27  6.41 0.79 2.07 0.31 0.20 0.03 0.106 0.075 0.054 
472 215.05829  0.72697 24.51 0.40 21.24 0.24 0.58 0.93  2.96 0.79 0.72 0.31 0.32 0.03 0.100 0.071 0.051 
473 212.49910  1.46997 23.47 0.40 19.62 0.24 0.44 0.53  6.29 0.80 1.13 0.31 0.52 0.03 0.118 0.083 0.059 
474 211.73498  0.78616 24.11 0.40 20.29 0.24 0.67 1.00  3.70 0.79 0.87 0.31 0.09 0.03 0.111 0.079 0.056 
475 212.48932  1.28639 22.41 0.40 19.77 0.24 0.54 0.84  4.31 0.79 1.54 0.32 0.34 0.03 0.116 0.082 0.059 
476 211.82066  1.32706 25.65 0.40 21.56 0.25 0.94 1.30  4.67 0.82 0.66 0.32 0.46 0.04 0.099 0.070 0.050 
477 211.28128  1.05123 24.14 0.40 20.90 0.24 0.33 0.47  2.88 0.79 0.79 0.31 0.22 0.03 0.110 0.078 0.056 
478 210.42379  1.15823 23.69 0.41 20.67 0.25 0.56 0.75  5.84 0.84 1.55 0.32 0.48 0.03 0.091 0.065 0.046 
479 210.40874  1.17827 25.44 0.40 20.46 0.24 0.52 0.95  7.13 0.81 0.67 0.32 0.47 0.03 0.092 0.065 0.047 
480 209.66313  1.23978 21.13 0.40 19.29 0.24 0.53 0.83  2.98 0.79 1.73 0.31 0.07 0.03 0.102 0.072 0.052 
481 209.90253  0.79174 24.05 0.40 19.68 0.24 0.23 0.44  6.95 0.80 0.97 0.31 0.51 0.03 0.113 0.080 0.057 
482 182.83971  1.11493 23.90 0.40 20.07 0.24 0.31 0.47  3.82 0.79 0.58 0.31 0.43 0.03 0.076 0.054 0.039 
483 183.40250  0.69110 22.82 0.40 18.77 0.24 0.32 0.51  5.83 0.79 1.13 0.31 0.32 0.03 0.086 0.061 0.043 
484 181.43976  1.42841 24.55 0.40 20.54 0.24 0.57 0.84  3.31 0.79 0.55 0.31 0.14 0.04 0.057 0.040 0.029 
485 181.38681  1.56405 24.89 0.42 21.52 0.27 0.63 0.93  3.82 0.84 1.03 0.33 0.29 0.06 0.054 0.038 0.027 
486 182.96393  0.75137 23.27 0.40 20.27 0.24 0.41 0.60  3.23 0.79 1.06 0.31 0.26 0.03 0.079 0.056 0.040 
487 181.88401  1.39916 22.15 0.40 18.28 0.24 0.62 0.91  7.12 0.79 1.16 0.31 0.60 0.03 0.083 0.059 0.042 
488 181.92431  1.50879 24.62 0.40 20.69 0.24 0.52 0.88  3.62 0.79 0.59 0.31 0.29 0.03 0.074 0.053 0.038 
489 182.77440  0.92670 19.13 0.40 18.48 0.24 0.65 0.97  7.51 0.80 3.32 0.32 0.15 0.03 0.080 0.057 0.040 
490 181.93255  1.17211 23.12 0.40 18.99 0.24 0.59 0.92  4.69 0.79 0.99 0.31 0.11 0.03 0.072 0.051 0.037 
491 182.26476  0.68105 22.86 0.40 19.52 0.24 0.45 0.65  4.35 0.79 1.08 0.31 0.42 0.03 0.071 0.050 0.036 
492 182.37332  1.24172 24.73 0.40 21.41 0.24 0.56 0.85  3.02 0.79 0.74 0.32 0.29 0.04 0.077 0.054 0.039 
493 181.73684  1.08792 22.76 0.40 19.21 0.24 0.54 0.88  4.45 0.79 1.02 0.31 0.38 0.03 0.068 0.048 0.034 
494 181.69401  1.13418 21.91 0.40 19.27 0.24 0.55 0.81  3.61 0.79 1.36 0.31 0.30 0.03 0.068 0.048 0.034 
495 181.63121  1.48069 23.60 0.40 20.02 0.24 0.30 0.42  4.52 0.79 0.79 0.31 0.56 0.03 0.068 0.048 0.034 
496 181.62501  1.55632 25.24 0.40 20.74 0.25 0.28 0.72  5.35 0.82 0.88 0.32 0.17 0.05 0.067 0.048 0.034 
497 182.02981  0.86799 25.10 0.40 19.32 0.24 0.18 0.25  7.46 0.79 0.42 0.31 0.26 0.03 0.071 0.051 0.036 
498 182.04159  0.92176 25.33 0.40 21.35 0.24 0.53 0.85  4.28 0.80 0.66 0.32 0.42 0.04 0.076 0.054 0.038 
499 182.50014  0.65732 23.74 0.40 20.59 0.24 0.59 0.85  3.53 0.79 1.11 0.32 0.22 0.03 0.085 0.060 0.043 
500 182.59943  0.89227 25.19 0.40 21.68 0.24 0.56 0.89  2.58 0.79 0.55 0.32 0.11 0.05 0.078 0.055 0.039 
501 182.12903  1.08241 25.62 0.40 21.54 0.25 0.55 0.71  4.50 0.82 0.71 0.32 0.39 0.04 0.079 0.056 0.040 
502 181.57298  1.69674 21.67 0.40 18.69 0.24 0.60 0.89  4.04 0.79 1.47 0.32 0.08 0.03 0.063 0.044 0.032 
503 181.36293  1.50535 21.66 0.40 19.07 0.24 0.58 0.87  3.13 0.79 1.41 0.31 0.03 0.03 0.055 0.039 0.028 
504 181.27864  1.55298 23.93 0.40 20.26 0.24 0.57 0.90  3.22 0.79 0.67 0.31 0.22 0.03 0.057 0.040 0.029 
505 180.65442  1.50750 24.30 0.40 19.22 0.24 0.53 0.75  7.60 0.79 0.69 0.31 0.47 0.03 0.057 0.040 0.029 
506 181.14000  1.41592 23.52 0.40 19.29 0.24 0.63 0.90  4.70 0.79 0.80 0.31 0.26 0.03 0.061 0.043 0.031 
507 181.17025  1.45063 22.99 0.40 19.01 0.24 0.64 0.94  5.30 0.79 1.02 0.31 0.35 0.03 0.058 0.041 0.029 
508 181.16440  1.49052 21.28 0.40 19.76 0.25 0.65 0.95  4.12 0.80 2.15 0.35 0.24 0.03 0.057 0.041 0.029 
509 180.64886  1.21609 23.42 0.40 19.07 0.24 0.52 0.81  7.18 0.79 0.92 0.31 0.58 0.03 0.054 0.038 0.027 
510 180.64837  1.33468 21.44 0.40 19.57 0.24 0.36 0.60  3.04 0.79 1.67 0.31 0.17 0.03 0.058 0.041 0.029 
511 181.18193  1.62182 23.43 0.40 19.92 0.24 0.54 0.79  4.29 0.79 0.91 0.31 0.46 0.03 0.058 0.041 0.029 
512 181.16721  1.64595 23.22 0.40 19.72 0.24 0.65 0.94  3.77 0.79 1.10 0.32 0.07 0.03 0.055 0.039 0.028 
513 181.33561  1.63029 24.02 0.40 20.04 0.24 0.74 1.09  3.61 0.79 0.74 0.31 0.09 0.03 0.054 0.038 0.027 
514 181.21067  1.72014 24.16 0.40 20.76 0.24 0.54 0.86  3.01 0.79 0.66 0.32 0.31 0.03 0.058 0.041 0.029 
515 181.31075  1.76930 24.34 0.40 19.04 0.24 0.34 0.55  6.21 0.79 0.42 0.31 0.31 0.03 0.061 0.043 0.031 
516 182.35978  0.99831 25.35 0.40 21.09 0.24 0.58 0.85  4.31 0.80 0.56 0.32 0.35 0.04 0.085 0.060 0.043 
517 181.62553  1.60353 23.25 0.40 20.33 0.24 0.60 0.89  3.21 0.79 1.00 0.32 0.36 0.03 0.067 0.047 0.034 
518 181.69453  1.63626 24.47 0.40 20.73 0.24 0.52 0.88  3.65 0.80 0.75 0.32 0.28 0.04 0.074 0.053 0.038 
519 181.36302  1.05655 22.34 0.40 18.82 0.24 0.57 0.85  5.58 0.79 1.12 0.31 0.55 0.03 0.062 0.044 0.032 
520 180.77082  1.27570 24.90 0.40 20.98 0.24 0.52 0.83  3.94 0.80 0.75 0.32 0.27 0.04 0.057 0.040 0.029 
521 181.03878  1.25475 23.21 0.40 20.09 0.24 0.28 0.52  4.05 0.79 0.99 0.31 0.53 0.03 0.050 0.036 0.026 
522 181.19275  1.29839 23.23 0.40 19.17 0.24 0.28 0.45  5.23 0.79 1.11 0.31 0.18 0.03 0.050 0.035 0.025 
523 181.03273  1.32156 23.84 0.40 19.44 0.24 0.47 0.68  5.46 0.79 0.71 0.31 0.44 0.03 0.054 0.038 0.027 
524 181.14237  1.36120 23.61 0.40 20.49 0.24 0.63 0.93  2.63 0.79 0.88 0.31 0.04 0.03 0.056 0.040 0.028 
525 179.78300  0.76922 24.35 0.40 20.75 0.24 0.69 0.91  3.51 0.79 0.83 0.31 0.23 0.03 0.056 0.040 0.028 
526 178.28024  1.12705 25.62 0.40 22.11 0.25 0.64 1.01  2.83 0.80 0.50 0.32 0.30 0.05 0.055 0.039 0.028 
527 178.68122  1.65210 22.79 0.40 19.22 0.24 0.37 0.53  4.31 0.79 1.13 0.31 0.21 0.03 0.045 0.032 0.023 
528 139.94011  0.79658 24.34 0.40 20.18 0.24 0.64 0.90  5.38 0.80 0.91 0.31 0.37 0.03 0.086 0.061 0.044 
529 139.94203  0.82221 23.72 0.40 20.09 0.24 0.34 0.48  3.27 0.79 0.62 0.31 0.32 0.03 0.088 0.062 0.045 
530 139.99668  0.81462 25.19 0.40 19.23 0.24 0.66 0.93  8.23 0.79 0.62 0.31 0.08 0.03 0.086 0.061 0.043 
531 140.23270  1.50086 21.49 0.40 18.38 0.24 0.49 0.72  6.21 0.79 1.69 0.31 0.37 0.03 0.096 0.068 0.049 
532 140.19351  1.50889 24.65 0.40 21.03 0.24 0.52 0.82  4.70 0.81 0.88 0.32 0.53 0.03 0.093 0.066 0.047 
533 140.05397  1.07969 23.91 0.40 20.68 0.24 0.55 0.91  3.38 0.79 1.10 0.32 0.09 0.04 0.078 0.055 0.040 
534 139.98148  1.12327 23.63 0.40 19.53 0.24 0.57 0.87  4.61 0.79 0.76 0.31 0.35 0.03 0.072 0.051 0.036 
535 140.02181  0.92645 23.48 0.40 20.19 0.24 0.60 0.80  3.00 0.79 0.68 0.31 0.36 0.03 0.080 0.056 0.040 
536 140.27667  0.93599 25.41 0.41 22.16 0.25 0.58 0.84  2.78 0.80 0.67 0.32 0.28 0.05 0.098 0.069 0.049 
537 140.80601  1.51114 23.33 0.40 19.93 0.24 0.27 0.31  3.81 0.79 0.85 0.31 0.43 0.03 0.100 0.071 0.051 
538 140.64682  1.52314 24.34 0.40 20.47 0.24 0.14 0.16  4.20 0.79 0.44 0.31 0.59 0.03 0.089 0.063 0.045 
539 139.35555  0.91394 24.12 0.40 19.67 0.24 0.32 0.47  3.40 0.79 0.29 0.31 0.08 0.03 0.087 0.061 0.044 
540 139.73087  1.75158 24.32 0.40 19.31 0.24 0.41 0.51  9.48 0.81 1.04 0.31 0.47 0.03 0.106 0.075 0.054 
541 139.76776  1.34789 24.07 0.40 20.14 0.24 0.62 0.81  3.48 0.79 0.69 0.31 0.12 0.03 0.068 0.048 0.034 
542 139.68890  1.38456 26.05 0.40 21.11 0.24 0.72 0.82  5.36 0.80 0.28 0.31 0.42 0.03 0.068 0.049 0.035 
543 137.37502  0.94330 23.83 0.40 20.61 0.24 0.32 0.60  2.94 0.79 0.84 0.32 0.22 0.03 0.102 0.072 0.052 
544 137.34482  1.29620 24.33 0.40 20.49 0.24 0.39 0.51  3.37 0.79 0.76 0.32 0.05 0.04 0.093 0.066 0.047 
545 136.49992  0.73517 23.78 0.40 20.40 0.24 0.38 0.54  3.10 0.79 0.84 0.32 0.18 0.03 0.102 0.073 0.052 
546 134.62358  1.56892 23.69 0.40 19.34 0.24 0.41 0.63  3.74 0.79 0.57 0.31 0.06 0.03 0.130 0.092 0.066 
547 133.64059  1.53814 24.01 0.40 20.87 0.24 0.41 0.58  3.04 0.79 0.55 0.31 0.54 0.03 0.106 0.075 0.054 
548 133.87655  0.84565 23.65 0.40 20.49 0.24 0.37 0.51  4.09 0.80 1.10 0.32 0.42 0.03 0.142 0.101 0.072 
549 133.52668  1.57166 26.08 0.41 22.12 0.26 0.41 0.69  3.78 0.82 0.49 0.32 0.41 0.05 0.096 0.068 0.049 
550 134.47395  1.24522 21.38 0.40 19.60 0.24 0.73 1.08  4.02 0.79 1.53 0.31 0.66 0.03 0.127 0.090 0.064 
551 133.76650  1.70867 23.63 0.40 19.67 0.24 0.36 0.53  3.49 0.79 0.60 0.31 0.21 0.03 0.111 0.079 0.056 
552 132.65297  1.16896 24.37 0.40 20.72 0.24 0.33 0.48  3.42 0.79 0.78 0.31 0.20 0.03 0.116 0.082 0.058 
553 132.77468  0.71941 24.09 0.40 20.20 0.24 0.38 0.52  3.45 0.79 0.74 0.31 0.08 0.03 0.099 0.070 0.050 
554 133.37563  1.01720 24.23 0.40 20.67 0.24 0.56 0.86  5.48 0.81 1.13 0.32 0.51 0.03 0.160 0.113 0.081 
555 132.69678  1.60852 23.21 0.40 20.03 0.24 0.26 0.32  3.58 0.79 0.86 0.31 0.48 0.03 0.100 0.071 0.051 
556 130.85154  1.32577 24.28 0.40 21.17 0.24 0.37 0.48  3.86 0.80 0.87 0.32 0.57 0.03 0.111 0.078 0.056 
557 133.36389  0.67932 21.87 0.40 19.66 0.24 0.26 0.42  5.64 0.80 1.94 0.32 0.48 0.03 0.123 0.087 0.062 
558 131.77734  1.32873 24.88 0.40 21.14 0.25 0.61 0.95  3.85 0.80 0.79 0.32 0.31 0.04 0.124 0.088 0.063 
559 131.82033  1.62243 23.14 0.40 20.14 0.24 0.29 0.37  4.40 0.79 1.22 0.31 0.48 0.03 0.103 0.073 0.052 
560 132.05420  1.50735 23.36 0.40 20.52 0.24 0.51 0.77  3.66 0.79 1.20 0.32 0.37 0.03 0.096 0.068 0.049 
561 131.82789  0.64808 22.95 0.40 19.47 0.24 0.50 0.71  3.85 0.79 1.11 0.32 0.10 0.03 0.129 0.091 0.065 
562 129.76489  1.16620 24.19 0.40 20.50 0.24 0.24 0.34  2.94 0.79 0.64 0.31 0.09 0.03 0.136 0.096 0.069 
563 129.97112  1.07513 25.38 0.41 21.96 0.25 0.44 0.57  2.88 0.80 0.74 0.32 0.14 0.06 0.131 0.093 0.066 
564 129.93892  1.74234 23.01 0.40 18.67 0.24 0.48 0.60  5.41 0.79 0.91 0.31 0.28 0.03 0.192 0.136 0.097 
565 129.94676  1.74467 23.60 0.40 20.16 0.24 0.34 0.52  2.89 0.79 0.68 0.31 0.21 0.03 0.195 0.138 0.098 
566 128.35592  0.55107 23.36 0.40 20.08 0.24 0.32 0.38  3.72 0.79 0.95 0.31 0.39 0.03 0.115 0.082 0.058 
567 128.24455  1.31211 21.28 0.40 19.55 0.24 0.50 0.71  3.45 0.79 1.81 0.32 0.28 0.03 0.131 0.093 0.066 
568 128.84165  0.68592 23.21 0.40 19.88 0.24 0.61 0.90  2.93 0.79 0.89 0.32 0.05 0.03 0.120 0.085 0.061 
569 129.13029  1.41208 24.47 0.40 20.12 0.24 0.59 0.68  5.25 0.80 0.80 0.31 0.34 0.03 0.143 0.102 0.073 
570 128.75648  0.93459 23.37 0.40 20.10 0.24 0.61 0.86  4.52 0.80 1.22 0.32 0.37 0.03 0.118 0.084 0.060 
571 129.39664  1.75665 24.61 0.40 19.79 0.24 0.60 0.81  5.56 0.79 0.68 0.31 0.24 0.03 0.135 0.096 0.068 
572 128.09421  0.95269 23.33 0.40 19.79 0.24 0.59 0.91  3.35 0.79 0.86 0.32 0.15 0.04 0.121 0.086 0.061 
573 129.20003  1.35688 23.75 0.40 19.58 0.24 0.41 0.53  4.08 0.79 0.70 0.31 0.19 0.03 0.140 0.099 0.071 
574 128.95622  0.89668 23.58 0.40 19.81 0.24 0.37 0.49  3.06 0.79 0.54 0.31 0.21 0.03 0.120 0.085 0.061 
575 129.25240  1.66467 24.34 0.40 18.45 0.24 0.29 0.30 11.30 0.80 0.87 0.31 0.35 0.03 0.150 0.106 0.076 
576 225.17714  0.28217 24.54 0.40 20.56 0.24 0.38 0.63  3.10 0.79 0.40 0.31 0.21 0.03 0.179 0.127 0.091 
577 225.65436  0.26249 22.94 0.40 19.53 0.24 0.44 0.66  3.13 0.79 0.93 0.31 0.05 0.03 0.176 0.125 0.089 
578 225.99334  0.37906 25.19 0.40 21.24 0.25 0.57 0.90  3.65 0.81 0.60 0.32 0.29 0.05 0.171 0.121 0.086 
579 223.96094 -0.30325 25.64 0.41 22.00 0.25 0.28 0.21  3.64 0.81 0.64 0.32 0.43 0.04 0.153 0.108 0.077 
580 223.97668 -0.06631 22.74 0.40 20.44 0.24 0.73 1.09  3.43 0.79 1.41 0.32 0.38 0.03 0.140 0.099 0.071 
581 223.64823  0.46091 22.21 0.40 20.08 0.24 0.43 0.65  3.61 0.79 1.63 0.33 0.31 0.03 0.115 0.081 0.058 
582 223.07732 -0.25647 25.31 0.40 20.58 0.24 0.57 0.83  7.21 0.81 0.71 0.32 0.57 0.03 0.147 0.104 0.074 
583 223.45928  0.40920 24.45 0.40 20.17 0.24 0.61 0.90  4.12 0.79 0.59 0.31 0.24 0.03 0.116 0.082 0.059 
584 221.12148 -0.11847 23.89 0.40 19.67 0.24 0.30 0.44  3.84 0.79 0.68 0.31 0.08 0.03 0.107 0.076 0.054 
585 221.67780 -0.17500 24.90 0.40 21.15 0.24 0.51 0.80  4.19 0.80 0.82 0.32 0.38 0.04 0.107 0.076 0.054 
586 221.67866  0.00166 23.80 0.40 19.98 0.24 0.33 0.45  3.65 0.79 0.73 0.31 0.24 0.03 0.112 0.079 0.056 
587 221.21793  0.38557 24.73 0.40 20.53 0.25 0.99 1.05  8.22 0.88 1.18 0.32 0.58 0.03 0.134 0.095 0.068 
588 221.90519 -0.46199 23.58 0.40 19.86 0.24 0.31 0.46  3.64 0.79 0.80 0.31 0.24 0.03 0.121 0.086 0.061 
589 219.96203  0.35308 23.67 0.40 19.93 0.24 0.30 0.45  4.70 0.79 1.08 0.31 0.27 0.03 0.130 0.092 0.066 
590 219.92920 -0.27716 24.40 0.40 21.03 0.24 0.56 0.64  2.84 0.79 0.67 0.31 0.23 0.03 0.109 0.077 0.055 
591 220.73708  0.28051 24.84 0.40 19.31 0.24 0.45 0.69  9.56 0.80 0.74 0.31 0.46 0.03 0.136 0.097 0.069 
592 220.73802  0.63279 23.37 0.40 19.85 0.24 0.41 0.59  3.61 0.79 0.86 0.31 0.29 0.03 0.129 0.091 0.065 
593 218.87511 -0.31134 23.23 0.40 19.79 0.24 0.16 0.23  5.18 0.79 1.05 0.31 0.57 0.03 0.109 0.077 0.055 
594 218.71547  0.48858 24.89 0.40 21.43 0.25 0.43 0.65  4.47 0.81 0.96 0.32 0.49 0.03 0.108 0.076 0.055 
595 217.46790 -0.30042 24.04 0.40 20.82 0.24 0.17 0.25  3.27 0.79 0.88 0.31 0.32 0.03 0.121 0.086 0.061 
596 217.52261 -0.04898 25.33 0.40 20.95 0.24 0.55 0.78  5.17 0.79 0.43 0.31 0.57 0.03 0.117 0.083 0.059 
597 219.43235  0.26966 25.50 0.40 21.43 0.25 0.62 0.93  4.90 0.82 0.72 0.32 0.48 0.04 0.123 0.087 0.062 
598 217.41040  0.29870 23.04 0.40 20.34 0.24 0.25 0.43  3.63 0.79 1.40 0.31 0.22 0.03 0.109 0.078 0.055 
599 214.64201 -0.03644 24.73 0.41 21.90 0.26 0.56 0.94  3.33 0.81 1.09 0.33 0.37 0.04 0.123 0.087 0.062 
600 214.78906  0.06874 22.23 0.40 20.00 0.24 0.41 0.59  3.54 0.79 1.74 0.31 0.05 0.03 0.110 0.078 0.056 
601 215.23966 -0.21729 25.57 0.40 21.63 0.25 0.29 0.41  3.80 0.80 0.71 0.32 0.25 0.07 0.105 0.074 0.053 
602 215.71667 -0.14462 25.33 0.40 20.67 0.24 0.46 0.67  4.98 0.80 0.78 0.32 0.05 0.04 0.093 0.066 0.047 
603 215.02072 -0.43583 23.98 0.40 19.37 0.24 0.25 0.44  7.17 0.79 1.03 0.31 0.36 0.03 0.120 0.085 0.061 
604 215.16844  0.52862 20.97 0.40 18.75 0.24 0.35 0.55  5.49 0.79 2.00 0.31 0.39 0.03 0.095 0.067 0.048 
605 214.04008 -0.38892 23.37 0.40 19.20 0.24 0.29 0.39  5.22 0.79 0.83 0.31 0.40 0.03 0.117 0.083 0.059 
606 213.48169 -0.30926 25.32 0.40 20.77 0.24 0.77 1.11  5.44 0.80 0.56 0.31 0.47 0.03 0.122 0.087 0.062 
607 214.40609  0.57635 23.39 0.40 20.77 0.24 0.47 0.85  3.53 0.79 1.25 0.33 0.40 0.03 0.099 0.070 0.050 
608 212.43580  0.01306 21.94 0.40 19.74 0.24 0.34 0.54  3.65 0.79 1.71 0.31 0.18 0.03 0.101 0.072 0.051 
609 214.52185  0.30894 22.99 0.40 20.51 0.24 0.66 1.01  3.52 0.79 1.25 0.31 0.47 0.03 0.107 0.076 0.054 
610 214.42901  0.32789 26.07 0.42 22.90 0.28 0.07 0.06  3.20 0.85 0.74 0.34 0.45 0.07 0.105 0.074 0.053 
611 212.78378  0.59499 25.35 0.40 20.55 0.24 0.59 0.86  5.53 0.79 0.46 0.31 0.43 0.03 0.098 0.070 0.050 
612 211.66693  0.14740 23.61 0.40 19.90 0.24 0.22 0.30  4.38 0.79 0.85 0.31 0.43 0.03 0.136 0.097 0.069 
613 211.65333  0.06548 23.81 0.40 19.17 0.24 0.19 0.29  6.60 0.79 0.78 0.31 0.47 0.03 0.141 0.100 0.071 
614 211.57208  0.62945 23.71 0.40 18.75 0.24 0.36 0.54  6.52 0.79 0.84 0.31 0.20 0.03 0.121 0.085 0.061 
615 183.52278  0.28854 23.12 0.40 19.48 0.24 0.22 0.36  3.47 0.79 0.90 0.31 0.08 0.04 0.057 0.041 0.029 
616 182.37821 -0.04736 24.26 0.40 20.38 0.24 0.39 0.64  2.99 0.79 0.52 0.31 0.11 0.03 0.063 0.044 0.032 
617 182.33783  0.57082 25.85 0.40 21.74 0.25 0.54 0.71  3.72 0.81 0.66 0.32 0.13 0.06 0.077 0.055 0.039 
618 181.68805 -0.03236 24.88 0.41 22.00 0.26 0.64 1.00  3.50 0.81 0.86 0.32 0.58 0.04 0.055 0.039 0.028 
619 180.73212 -0.19888 25.83 0.40 20.77 0.24 0.61 0.82  6.54 0.80 0.63 0.32 0.36 0.06 0.064 0.046 0.033 
620 180.02033 -0.31102 24.71 0.40 21.54 0.25 0.74 0.98  3.64 0.80 0.98 0.32 0.39 0.04 0.077 0.055 0.039 
621 180.16753  0.56364 22.65 0.40 19.13 0.24 0.27 0.42  5.23 0.79 1.24 0.31 0.38 0.03 0.073 0.051 0.037 
622 180.14343 -0.28882 25.47 0.41 21.70 0.25 0.63 0.79  4.51 0.82 0.81 0.32 0.47 0.04 0.069 0.049 0.035 
623 180.07221  0.56201 23.73 0.40 19.71 0.24 0.35 0.52  4.58 0.79 0.71 0.31 0.44 0.03 0.074 0.052 0.037 
624 180.24077  0.08190 25.79 0.40 21.66 0.24 0.44 0.67  4.39 0.81 0.47 0.32 0.50 0.04 0.069 0.049 0.035 
625 180.27699  0.24284 22.75 0.40 19.16 0.24 0.33 0.49  4.46 0.79 1.09 0.31 0.29 0.03 0.075 0.053 0.038 
626 180.50414  0.42028 24.63 0.40 21.71 0.25 0.48 0.75  3.75 0.81 0.91 0.32 0.59 0.03 0.070 0.050 0.035 
627 180.72552 -0.04515 22.44 0.40 19.98 0.24 0.60 0.89  3.01 0.79 1.22 0.31 0.32 0.03 0.064 0.045 0.032 
628 179.86839 -0.30595 23.81 0.40 20.21 0.24 0.45 0.75  2.73 0.79 0.57 0.31 0.10 0.03 0.078 0.055 0.039 
629 178.96172  0.08158 23.59 0.40 19.69 0.24 0.35 0.49  4.34 0.79 0.66 0.31 0.48 0.03 0.069 0.049 0.035 
630 177.14416  0.46474 24.26 0.40 20.95 0.24 0.71 1.03  3.74 0.79 0.89 0.32 0.43 0.03 0.093 0.066 0.047 
631 178.05776  0.07028 24.49 0.40 20.97 0.25 0.60 0.91  4.64 0.81 1.04 0.32 0.44 0.03 0.064 0.045 0.032 
632 177.89011  0.10899 26.18 0.41 22.48 0.26 0.50 0.90  2.97 0.81 0.51 0.32 0.24 0.07 0.064 0.045 0.032 
633 141.79016  0.53936 22.34 0.40 18.82 0.24 0.24 0.37  4.73 0.79 1.35 0.32 0.10 0.04 0.094 0.067 0.047 
634 141.40224 -0.36997 21.84 0.40 18.74 0.24 0.34 0.48  5.89 0.80 1.77 0.32 0.18 0.03 0.081 0.057 0.041 
635 175.52458  0.35283 23.50 0.40 19.36 0.24 0.46 0.70  4.68 0.79 0.70 0.31 0.41 0.03 0.069 0.049 0.035 
636 140.62505  0.13150 22.92 0.40 18.10 0.24 0.41 0.50  6.80 0.79 0.92 0.31 0.28 0.03 0.075 0.053 0.038 
637 140.82955 -0.42724 25.74 0.40 21.24 0.24 0.54 0.77  4.09 0.79 0.39 0.31 0.26 0.04 0.077 0.055 0.039 
638 140.67256 -0.33516 23.69 0.40 21.34 0.25 0.65 1.23  2.74 0.80 1.26 0.32 0.21 0.04 0.079 0.056 0.040 
639 139.44935 -0.23191 23.27 0.40 19.97 0.24 0.35 0.48  3.70 0.79 0.92 0.31 0.40 0.03 0.084 0.059 0.042 
640 139.64423 -0.22619 24.34 0.41 21.43 0.25 0.75 1.05  3.54 0.81 1.04 0.32 0.44 0.04 0.084 0.060 0.042 
641 139.68884  0.40039 23.24 0.40 19.19 0.24 0.49 0.67  6.15 0.79 1.10 0.31 0.42 0.03 0.102 0.072 0.052 
642 139.82383  0.63012 23.18 0.40 20.13 0.24 0.54 0.66  2.58 0.79 0.87 0.31 0.08 0.03 0.085 0.060 0.043 
643 138.98763  0.63054 23.84 0.40 20.43 0.24 0.41 0.61  3.66 0.79 0.87 0.31 0.36 0.03 0.073 0.052 0.037 
644 138.33242  0.28624 24.90 0.40 21.57 0.25 0.31 0.77  3.81 0.80 0.70 0.32 0.58 0.03 0.072 0.051 0.037 
645 137.20168  0.30976 25.10 0.41 22.01 0.26 0.70 0.97  3.34 0.83 0.83 0.33 0.46 0.05 0.099 0.070 0.050 
646 135.45787  0.51483 26.09 0.40 20.96 0.25 0.46 0.83  9.65 0.93 0.70 0.32 0.65 0.03 0.109 0.078 0.055 
647 135.45609  0.33612 22.83 0.40 18.86 0.24 0.38 0.55  4.77 0.79 1.14 0.31 0.05 0.03 0.115 0.081 0.058 
648 134.05681  0.36205 23.57 0.40 20.45 0.24 0.45 0.58  3.58 0.79 0.83 0.31 0.52 0.03 0.123 0.087 0.062 
649 134.56675 -0.46064 24.88 0.41 21.96 0.26 0.72 1.09  3.90 0.84 0.80 0.33 0.68 0.04 0.083 0.059 0.042 
650 135.07231 -0.05214 22.13 0.40 19.57 0.24 0.51 0.78  2.89 0.79 1.30 0.31 0.09 0.03 0.080 0.057 0.041 
651 134.61010  0.00607 24.08 0.40 20.41 0.24 0.31 0.43  3.23 0.79 0.60 0.31 0.29 0.03 0.080 0.057 0.041 
652 134.46077 -0.22319 24.60 0.40 21.14 0.24 0.49 0.74  3.14 0.79 0.62 0.32 0.37 0.04 0.084 0.060 0.043 
653 133.54967 -0.16590 23.33 0.40 19.37 0.24 0.48 0.69  3.44 0.79 0.70 0.31 0.07 0.03 0.102 0.072 0.052 
654 132.81382  0.25798 25.41 0.40 19.07 0.24 0.74 1.04 10.86 0.79 0.28 0.31 0.49 0.03 0.099 0.071 0.050 
655 131.94981 -0.40069 25.68 0.40 19.53 0.24 0.62 0.91  9.82 0.80 0.41 0.31 0.41 0.03 0.083 0.059 0.042 
656 132.15517 -0.78377 21.12 0.40 18.37 0.24 0.44 0.61  6.29 0.79 1.99 0.31 0.25 0.03 0.076 0.054 0.038 
657 131.93782 -0.36866 25.26 0.40 20.11 0.24 0.70 0.97  7.84 0.80 0.50 0.31 0.59 0.03 0.086 0.061 0.044 
658 130.65196 -0.58144 23.79 0.40 20.39 0.24 0.37 0.50  3.78 0.79 0.66 0.31 0.57 0.03 0.076 0.054 0.038 
659 131.22280 -0.26183 23.77 0.40 19.40 0.24 0.39 0.50  5.64 0.79 0.81 0.31 0.41 0.03 0.084 0.060 0.043 
660 131.25923 -0.22134 24.19 0.40 20.33 0.24 0.60 0.75  2.94 0.79 0.45 0.31 0.15 0.03 0.087 0.062 0.044 
661 131.12991  0.11139 21.41 0.40 19.12 0.24 0.49 0.74  3.71 0.79 1.72 0.31 0.11 0.03 0.101 0.071 0.051 
662 128.47116 -0.39017 22.83 0.40 17.60 0.24 0.46 0.49  9.29 0.79 1.04 0.31 0.32 0.03 0.132 0.093 0.067 
663 129.53970 -0.19462 25.40 0.41 21.58 0.26 0.88 1.31  4.05 0.84 0.84 0.33 0.28 0.06 0.099 0.070 0.050 
664 129.07095 -0.51450 23.67 0.40 19.51 0.24 0.46 0.54  4.58 0.79 0.79 0.31 0.28 0.03 0.118 0.083 0.060 
665 129.37055 -0.05372 25.32 0.46 22.13 0.33 0.88 1.22  4.08 0.98 1.18 0.39 0.32 0.09 0.116 0.082 0.058 
666 129.91676 -0.33620 23.99 0.40 20.98 0.24 0.65 0.91  3.29 0.80 0.92 0.32 0.42 0.03 0.082 0.058 0.042 
667 129.14032  0.49563 22.49 0.40 19.76 0.24 0.60 0.88  3.73 0.79 1.43 0.31 0.19 0.03 0.119 0.084 0.060 
668 224.72632 -1.01272 24.25 0.40 19.60 0.24 0.45 0.90  7.04 0.79 0.72 0.31 0.57 0.03 0.160 0.114 0.081 
669 225.00930 -0.80635 21.61 0.40 19.96 0.24 0.42 0.63  3.53 0.79 1.99 0.32 0.14 0.03 0.165 0.117 0.084 
670 224.65565 -1.10244 23.88 0.40 18.33 0.24 0.56 0.72  6.65 0.79 0.37 0.31 0.28 0.03 0.164 0.116 0.083 
671 223.21141 -2.03640 23.76 0.40 19.92 0.24 0.28 0.41  3.76 0.79 0.53 0.31 0.45 0.03 0.193 0.137 0.098 
672 223.05836 -1.98489 22.87 0.40 19.52 0.24 0.46 0.58  4.19 0.79 1.18 0.31 0.26 0.03 0.192 0.136 0.097 
673 224.32960 -1.49892 25.86 0.40 19.54 0.24 0.51 0.79  9.87 0.82 0.61 0.31 0.12 0.04 0.173 0.123 0.088 
674 223.81185 -1.57471 23.64 0.40 20.93 0.25 0.63 1.02  3.29 0.80 1.18 0.32 0.33 0.04 0.154 0.109 0.078 
675 223.98679 -1.45020 24.61 0.40 20.94 0.24 0.57 0.78  4.40 0.80 0.79 0.32 0.51 0.03 0.161 0.114 0.082 
676 223.61467 -1.18427 26.33 0.41 22.31 0.25 0.50 0.70  3.36 0.81 0.38 0.32 0.31 0.06 0.140 0.099 0.071 
677 222.25080 -1.53652 23.71 0.40 20.26 0.24 0.34 0.48  2.83 0.79 0.77 0.31 0.06 0.03 0.143 0.101 0.072 
678 221.85644 -0.55652 22.59 0.40 19.93 0.24 0.48 0.73  3.03 0.79 1.13 0.31 0.30 0.03 0.124 0.088 0.063 
679 221.86613 -0.50941 24.26 0.40 20.64 0.24 0.64 0.93  4.03 0.79 0.79 0.31 0.44 0.03 0.123 0.087 0.062 
680 222.31267 -0.70210 25.50 0.40 19.00 0.24 0.67 0.97 13.86 0.79 0.30 0.31 0.63 0.03 0.132 0.094 0.067 
681 221.02653 -1.89112 22.34 0.40 19.98 0.24 0.38 0.59  3.33 0.79 1.30 0.31 0.42 0.03 0.143 0.102 0.072 
682 221.36319 -1.98061 22.60 0.40 19.94 0.24 0.37 0.49  3.70 0.80 1.45 0.32 0.21 0.03 0.145 0.103 0.073 
683 221.39317 -2.01136 23.40 0.40 19.58 0.24 0.34 0.51  3.84 0.79 0.68 0.31 0.36 0.03 0.153 0.108 0.077 
684 220.02776 -1.02093 23.74 0.40 20.18 0.24 0.52 0.80  3.42 0.79 0.65 0.31 0.39 0.03 0.132 0.093 0.067 
685 220.19280 -0.73468 17.46 0.40 19.09 0.24 0.37 0.60  4.69 0.80 3.91 0.32 0.19 0.03 0.119 0.084 0.060 
686 220.42882 -0.65752 23.29 0.40 19.66 0.24 0.59 0.76  4.46 0.79 1.13 0.31 0.21 0.03 0.110 0.078 0.056 
687 217.87568 -1.53184 23.19 0.40 20.43 0.24 0.28 0.40  3.50 0.79 1.00 0.32 0.54 0.03 0.121 0.086 0.061 
688 220.31956 -0.59283 20.98 0.40 19.66 0.24 0.38 0.60  4.80 0.80 2.36 0.32 0.32 0.03 0.107 0.076 0.054 
689 217.96066 -1.91558 24.74 0.40 21.22 0.24 0.27 0.43  2.75 0.79 0.63 0.32 0.13 0.04 0.124 0.088 0.063 
690 219.68941 -0.70574 20.88 0.40 19.95 0.24 0.40 0.65  3.38 0.79 2.09 0.32 0.41 0.03 0.109 0.077 0.055 
691 218.49037 -1.60944 24.06 0.40 20.54 0.24 0.26 0.32  3.09 0.79 0.84 0.31 0.05 0.04 0.107 0.076 0.054 
692 218.63293 -1.92327 22.41 0.40 19.53 0.24 0.36 0.56  3.86 0.79 1.23 0.31 0.39 0.03 0.115 0.082 0.058 
693 217.05006 -1.60481 23.99 0.40 19.99 0.24 0.36 0.58  3.40 0.79 0.56 0.31 0.18 0.03 0.144 0.102 0.073 
694 217.78703 -1.77414 24.78 0.40 21.10 0.25 0.60 0.93  3.42 0.80 0.72 0.32 0.26 0.04 0.120 0.085 0.061 
695 216.67459 -1.85609 20.93 0.40 19.13 0.24 0.39 0.62  4.37 0.79 2.05 0.31 0.27 0.03 0.138 0.098 0.070 
696 217.22371 -1.18825 24.03 0.40 20.36 0.24 0.26 0.38  3.64 0.79 0.76 0.32 0.31 0.03 0.109 0.077 0.055 
697 215.73797 -1.44183 26.21 0.41 21.72 0.26 0.44 0.85  5.87 0.88 0.60 0.33 0.54 0.05 0.116 0.082 0.058 
698 216.18462 -0.57631 23.64 0.40 18.83 0.24 0.38 0.57  4.99 0.79 0.58 0.31 0.18 0.03 0.139 0.098 0.070 
699 215.53470 -1.04267 23.99 0.40 20.56 0.24 0.56 0.85  4.19 0.79 1.02 0.32 0.38 0.03 0.126 0.089 0.064 
700 216.33096 -0.53363 23.81 0.40 20.33 0.24 0.34 0.50  3.03 0.79 0.81 0.31 0.10 0.03 0.138 0.098 0.070 
701 216.52469 -0.88328 21.07 0.40 19.87 0.24 0.46 0.71  4.32 0.79 2.09 0.32 0.54 0.03 0.126 0.089 0.064 
702 216.40320 -1.11333 24.55 0.40 20.46 0.25 0.55 0.90  6.69 0.83 1.24 0.32 0.36 0.03 0.129 0.091 0.065 
703 214.06865 -0.77198 22.28 0.40 19.47 0.24 0.38 0.57  4.02 0.79 1.33 0.31 0.37 0.03 0.132 0.094 0.067 
704 214.21672 -1.73170 23.24 0.40 20.26 0.24 0.32 0.40  3.25 0.79 0.92 0.32 0.42 0.03 0.148 0.105 0.075 
705 214.44253 -0.72262 24.45 0.40 19.58 0.24 0.33 0.53  4.70 0.79 0.25 0.31 0.31 0.03 0.131 0.092 0.066 
706 215.08498 -0.91989 26.28 0.41 22.34 0.25 0.46 0.76  3.28 0.81 0.39 0.32 0.32 0.06 0.148 0.105 0.075 
707 215.25438 -1.00231 23.96 0.40 19.93 0.24 0.24 0.34  3.68 0.79 0.52 0.31 0.32 0.03 0.130 0.092 0.066 
708 213.70087 -2.01198 23.76 0.41 20.70 0.25 0.28 0.38  3.55 0.81 1.10 0.34 0.30 0.04 0.167 0.118 0.084 
709 212.76521 -1.01670 25.79 0.40 19.38 0.24 0.61 0.93  8.76 0.79 0.43 0.31 0.03 0.03 0.144 0.102 0.073 
710 213.74246 -0.75327 22.28 0.40 19.44 0.24 0.38 0.59  4.32 0.79 1.55 0.31 0.18 0.03 0.121 0.086 0.061 
711 211.84844 -1.58651 25.22 0.40 20.24 0.24 0.57 0.82  5.08 0.79 0.53 0.31 0.13 0.04 0.140 0.099 0.071 
712 211.63990 -1.98053 22.72 0.43 20.67 0.28 0.61 0.92  7.00 1.05 2.14 0.35 0.59 0.04 0.179 0.127 0.091 
713 213.47579 -0.99518 24.88 0.41 21.46 0.26 0.94 1.36  4.33 0.84 1.16 0.33 0.28 0.05 0.130 0.092 0.066 
714 211.82479 -1.50363 25.43 0.40 20.74 0.24 0.67 0.94  3.91 0.79 0.40 0.31 0.04 0.04 0.136 0.097 0.069 
715 212.57084 -0.56958 25.77 0.40 21.16 0.24 0.43 0.64  5.64 0.89 0.40 0.32 0.57 0.04 0.126 0.089 0.064 
716 212.43189 -1.85888 23.05 0.40 19.10 0.24 0.39 0.55  5.04 0.79 0.95 0.31 0.38 0.03 0.178 0.126 0.090 
717 212.11651 -1.78111 24.59 0.40 21.05 0.24 0.54 0.80  3.23 0.79 0.73 0.32 0.26 0.04 0.175 0.124 0.088 
718 210.08597 -1.43943 23.81 0.40 19.76 0.24 0.44 0.72  3.56 0.79 0.67 0.31 0.09 0.03 0.125 0.089 0.063 
719 210.62758 -1.42941 23.56 0.40 20.16 0.24 0.51 0.78  3.17 0.79 0.94 0.31 0.07 0.03 0.131 0.093 0.066 
720 210.89845 -1.52893 20.82 0.40 19.32 0.24 0.36 0.61  5.22 0.79 2.14 0.31 0.55 0.03 0.149 0.105 0.075 
721 210.71008 -1.80031 25.37 0.40 20.15 0.24 0.62 0.92  8.62 0.81 0.60 0.31 0.59 0.03 0.182 0.129 0.092 
722 211.17487 -1.37425 24.34 0.40 19.23 0.24 0.34 0.45  6.63 0.79 0.54 0.31 0.42 0.03 0.140 0.099 0.071 
723 211.12331 -1.24559 22.03 0.40 19.43 0.24 0.34 0.53  3.68 0.79 1.48 0.31 0.20 0.03 0.144 0.102 0.073 
724 211.05977 -1.22611 24.31 0.40 19.39 0.24 0.62 0.90  7.45 0.79 0.79 0.31 0.46 0.03 0.146 0.104 0.074 
725 210.23660 -1.20905 21.72 0.40 19.96 0.24 0.23 0.42  4.05 0.79 1.76 0.32 0.51 0.03 0.127 0.090 0.064 
726 211.28510 -0.64735 23.69 0.40 20.30 0.24 0.53 0.79  2.96 0.79 0.80 0.31 0.15 0.03 0.128 0.091 0.065 
727 211.32197 -0.82699 24.34 0.40 20.72 0.24 0.38 0.62  3.33 0.79 0.69 0.31 0.28 0.03 0.145 0.103 0.073 
728 211.26518 -0.69855 23.92 0.40 20.04 0.24 0.32 0.44  4.23 0.79 0.92 0.31 0.21 0.03 0.129 0.091 0.065 
729 210.47471 -1.34291 23.19 0.40 17.57 0.24 0.36 0.55  9.00 0.79 0.91 0.31 0.15 0.03 0.130 0.092 0.066 
730 209.51399 -1.54389 21.47 0.40 19.16 0.24 0.66 1.03  3.00 0.79 1.49 0.31 0.06 0.03 0.156 0.110 0.079 
731 209.71475 -0.89116 23.50 0.40 18.74 0.24 0.27 0.57  6.02 0.79 0.82 0.31 0.24 0.03 0.128 0.091 0.065 
732 210.04731 -0.80527 22.10 0.40 20.38 0.25 0.24 0.37  2.94 0.80 1.68 0.33 0.23 0.03 0.124 0.088 0.063 
733 183.16556 -0.81650 23.14 0.40 20.17 0.24 0.39 0.55  2.77 0.79 0.95 0.32 0.16 0.04 0.060 0.042 0.030 
734 182.30070 -1.88665 24.54 0.41 21.19 0.25 0.70 1.00  4.11 0.82 0.93 0.32 0.47 0.04 0.066 0.047 0.033 
735 180.74590 -1.67224 22.46 0.40 18.53 0.24 0.59 0.85  5.57 0.79 1.00 0.31 0.46 0.03 0.062 0.044 0.031 
736 180.72677 -1.66796 24.30 0.40 20.95 0.24 0.63 0.86  2.75 0.79 0.69 0.32 0.18 0.03 0.062 0.044 0.031 
737 180.63334 -1.62229 22.74 0.40 19.49 0.24 0.58 0.85  4.48 0.79 1.27 0.32 0.32 0.03 0.062 0.044 0.031 
738 180.66471 -1.87156 23.28 0.40 19.98 0.24 0.32 0.52  3.24 0.79 0.81 0.31 0.34 0.03 0.066 0.047 0.033 
739 180.64700 -1.84528 22.60 0.40 19.38 0.24 0.46 0.63  4.40 0.79 1.02 0.31 0.54 0.03 0.065 0.046 0.033 
740 180.14572 -1.38846 23.96 0.41 20.98 0.25 0.66 1.05  4.99 0.83 1.34 0.33 0.52 0.03 0.081 0.057 0.041 
741 180.41871 -1.20433 24.33 0.40 17.30 0.24 0.34 0.51 13.45 0.79 0.56 0.31 0.15 0.03 0.090 0.064 0.046 
742 180.34447 -1.18710 22.15 0.40 18.87 0.24 0.36 0.50  4.63 0.79 1.38 0.31 0.20 0.03 0.088 0.062 0.045 
743 178.84663 -1.53313 22.27 0.40 20.18 0.24 0.34 0.56  4.13 0.79 1.51 0.32 0.58 0.03 0.077 0.055 0.039 
744 179.75552 -1.80566 23.60 0.40 19.67 0.24 0.62 0.91  4.46 0.79 0.98 0.31 0.18 0.03 0.091 0.065 0.046 
745 181.23154 -0.69566 24.12 0.40 17.97 0.24 0.34 0.53 12.75 0.79 0.56 0.31 0.58 0.03 0.070 0.050 0.035 
746 179.01481 -1.48386 24.42 0.40 20.68 0.24 0.09 0.24  2.65 0.79 0.40 0.31 0.13 0.03 0.076 0.054 0.038 
747 179.83068 -1.69147 25.72 0.40 19.74 0.24 0.66 0.95  8.38 0.80 0.49 0.31 0.24 0.03 0.090 0.064 0.045 
748 179.56968 -1.48921 24.37 0.40 20.31 0.25 0.36 0.63  7.50 0.84 1.27 0.32 0.49 0.03 0.056 0.040 0.028 
749 179.63351 -1.85789 24.04 0.40 19.92 0.24 0.53 0.84  5.39 0.79 0.80 0.31 0.49 0.03 0.088 0.062 0.044 
750 179.93148 -0.77271 23.94 0.40 18.38 0.24 0.24 0.33  8.98 0.79 0.60 0.31 0.48 0.03 0.062 0.044 0.031 
751 179.22214 -1.78247 23.54 0.40 19.95 0.24 0.59 0.85  3.65 0.79 0.89 0.31 0.23 0.03 0.055 0.039 0.028 
752 179.46929 -2.09282 22.96 0.40 19.27 0.24 0.62 0.91  6.34 0.81 1.54 0.32 0.19 0.03 0.070 0.050 0.036 
753 179.46345 -2.07622 23.49 0.40 20.10 0.25 0.60 0.86  4.18 0.81 1.32 0.32 0.02 0.04 0.070 0.050 0.036 
754 179.37380 -1.26795 24.30 0.40 18.99 0.24 0.52 0.78  5.81 0.79 0.59 0.31 0.02 0.03 0.067 0.048 0.034 
755 179.39688 -1.56429 23.66 0.40 20.42 0.24 0.41 0.65  2.88 0.79 0.79 0.32 0.23 0.03 0.049 0.035 0.025 
756 177.35035 -1.88913 24.49 0.40 21.19 0.25 0.55 0.76  3.23 0.80 0.81 0.32 0.33 0.04 0.061 0.043 0.031 
757 177.36173 -1.51554 26.34 0.40 21.62 0.25 0.55 0.68  6.49 0.84 0.46 0.32 0.61 0.04 0.055 0.039 0.028 
758 177.36283 -1.43255 23.18 0.40 19.59 0.24 0.58 0.88  3.60 0.79 0.93 0.31 0.15 0.03 0.058 0.041 0.029 
759 177.33509 -1.41282 22.57 0.40 19.81 0.24 0.36 0.54  3.33 0.79 1.18 0.31 0.32 0.03 0.058 0.041 0.029 
760 179.58277 -1.12761 23.03 0.40 18.92 0.24 0.43 0.60  4.94 0.79 0.96 0.31 0.24 0.03 0.057 0.040 0.029 
761 178.47972 -0.76043 23.84 0.40 19.84 0.24 0.27 0.39  3.79 0.79 0.64 0.31 0.27 0.03 0.063 0.045 0.032 
762 178.22427 -1.24357 25.43 0.40 20.64 0.24 0.37 0.67  4.68 0.79 0.37 0.31 0.29 0.03 0.058 0.041 0.029 
763 178.27558 -1.19994 24.54 0.40 20.41 0.24 0.23 0.43  3.91 0.79 0.51 0.31 0.35 0.03 0.060 0.042 0.030 
764 176.17780 -0.97153 21.61 0.40 19.66 0.24 0.61 0.93  2.92 0.79 1.59 0.31 0.16 0.03 0.052 0.037 0.026 
765 176.14070 -0.86678 23.03 0.40 18.04 0.24 0.35 0.45  9.08 0.79 0.94 0.31 0.51 0.03 0.055 0.039 0.028 
766 175.93983 -1.27667 23.15 0.40 17.16 0.24 0.26 0.33 13.56 0.79 0.89 0.31 0.49 0.03 0.047 0.034 0.024 
767 141.76349 -0.86877 24.84 0.40 19.74 0.24 0.32 0.39  6.00 0.80 0.38 0.31 0.41 0.03 0.090 0.064 0.045 
768 142.00141 -0.70827 23.04 0.40 19.09 0.24 0.36 0.54  4.78 0.79 0.99 0.32 0.27 0.03 0.083 0.059 0.042 
769 140.58431 -0.51611 24.18 0.40 19.83 0.24 0.31 0.47  4.14 0.79 0.62 0.31 0.17 0.03 0.090 0.064 0.045 
770 141.16293 -0.65619 24.38 0.40 18.58 0.24 0.37 0.54  6.21 0.79 0.22 0.31 0.09 0.03 0.078 0.055 0.039 
771 140.92221 -0.93815 25.60 0.42 22.39 0.28 0.72 0.93  3.10 0.84 0.82 0.34 0.31 0.07 0.092 0.065 0.047 
772 139.53382 -2.11821 23.71 0.40 20.69 0.24 0.32 0.42  3.41 0.80 0.87 0.32 0.49 0.03 0.118 0.084 0.060 
773 139.35276 -0.50643 25.99 0.40 20.38 0.24 0.59 0.98  7.04 0.80 0.41 0.31 0.30 0.03 0.100 0.071 0.051 
774 136.16162 -1.19166 25.58 0.41 21.60 0.26 0.84 1.19  3.95 0.86 0.73 0.33 0.26 0.08 0.055 0.039 0.028 
775 136.02962 -1.16544 22.35 0.40 18.65 0.24 0.39 0.53  5.71 0.79 1.27 0.31 0.36 0.03 0.053 0.038 0.027 
776 136.04015 -0.55187 25.24 0.40 21.21 0.25 0.46 0.83  4.03 0.81 0.68 0.32 0.30 0.04 0.085 0.060 0.043 
777 134.89921 -1.95773 22.91 0.40 18.71 0.24 0.42 0.61  5.42 0.79 1.03 0.31 0.23 0.03 0.058 0.041 0.030 
778 135.54760 -1.96414 23.70 0.40 20.77 0.24 0.29 0.43  3.46 0.79 0.89 0.32 0.53 0.03 0.053 0.037 0.027 
779 135.77224 -0.54173 21.94 0.40 19.17 0.24 0.41 0.56  5.02 0.79 1.43 0.31 0.54 0.03 0.082 0.058 0.042 
780 134.99801 -1.16317 23.17 0.40 19.46 0.24 0.42 0.55  3.54 0.79 0.82 0.31 0.16 0.03 0.075 0.053 0.038 
781 245.22077 43.30284 24.65 0.40 19.43 0.24 0.56 0.85  9.64 0.83 1.07 0.32 0.34 0.03 0.042 0.030 0.021 
